#SITE	WT_AA	SITE_ENTROPY	PI_A	PI_C	PI_D	PI_E	PI_F	PI_G	PI_H	PI_I	PI_K	PI_L	PI_M	PI_N	PI_P	PI_Q	PI_R	PI_S	PI_T	PI_V	PI_W	PI_Y	PI_*
2	K	3.95369	0.113307	0.0760163	0.00377661	0.0218041	0.0159835	0.0116303	0.014715	0.0368526	0.0636458	0.100527	0.0278031	0.0320254	0.0170097	0.0399957	0.0401826	0.0349785	0.095259	0.03419	0.00892892	0.0549992	0.15637
3	A	3.70684	0.0890178	0.00864933	0.0030782	0.0102148	0.0931699	0.00331194	0.00866345	0.00978227	0.0051374	0.0157446	0.0428562	0.186659	0.0156113	0.0556045	0.014427	0.0966782	0.0227282	0.0610348	0.059627	0.0619973	0.136007
4	K	3.86279	0.0192003	0.132862	0.00786792	0.00806269	0.0178384	0.0416597	0.0125615	0.117437	0.095079	0.0223083	0.0479261	0.0186411	0.0998194	0.0147596	0.0765462	0.0514714	0.115568	0.0648066	0.0236359	0.0081298	0.00381868
5	L	3.17874	0.258701	0.00302701	0.0254731	0.011671	0.15713	0.00635619	0.0106922	0.128773	0.00690303	0.166643	0.0157894	0.0161638	0.00762395	0.00814739	0.0166101	0.00942445	0.00150496	0.00311205	0.0175463	0.117075	0.0116337
6	L	3.37484	0.0513096	0.0136206	0.0106824	0.00856697	0.179423	0.0138077	0.00359614	0.0777739	0.0273135	0.222174	0.0472496	0.00437662	0.00255405	0.0171752	0.00588127	0.202299	0.0372138	0.0237667	0.0123257	0.0290948	0.00979672
7	V	3.42156	0.0601305	0.079181	0.00362586	0.0349352	0.00599264	0.0112618	0.0128809	0.00176791	0.00205613	0.258973	0.00321893	0.0277773	0.00401414	0.0505876	0.0183983	0.0043796	0.0660125	0.18048	0.0223126	0.0801149	0.0718991
8	L	3.25514	0.0914838	0.0510506	0.00246122	0.015382	0.0488022	0.0218499	0.00121822	0.083595	0.00265332	0.393514	0.0194733	0.00289846	0.0142285	0.0243985	0.0559263	0.0180759	0.0279604	0.0136212	0.00862972	0.0342003	0.0685767
9	L	3.09758	0.0124038	0.0300241	0.0123954	0.00545479	0.0567249	0.00435107	0.00173195	0.0732819	0.0057079	0.21294	0.164845	0.0123784	0.0153861	0.00390475	0.0349128	0.00488847	0.00514029	0.016574	0.297818	0.0208967	0.00823892
10	Y	3.41051	0.23269	0.142593	0.0123449	0.00137645	0.00177657	0.00295137	0.0235586	0.0762418	0.0107888	0.0184724	0.0362043	0.0334563	0.00436722	0.0121027	0.0296165	0.156937	0.0245221	0.0422916	0.00147243	0.125989	0.0102468
11	A	3.58991	0.0877683	0.0125067	0.00255608	0.00411751	0.070059	0.0167076	0.0106666	0.189681	0.0073477	0.0306852	0.0452822	0.0185015	0.0482926	0.00400232	0.0154414	0.0595314	0.0192035	0.186441	0.133977	0.0149941	0.0222369
12	F	3.08084	0.0214323	0.310977	0.000622192	0.00276841	0.0701373	0.00345121	0.0224033	0.00307143	0.0123536	0.209124	0.115485	0.000676784	0.0277859	0.00586289	0.0544146	0.091116	0.00770514	0.00712722	0.020179	0.00567028	0.00763663
13	V	3.51534	0.133018	0.0217897	0.0204558	0.0135102	0.0818292	0.00478375	0.0727676	0.00899612	0.00426882	0.0133437	0.0315158	0.0165841	0.0205865	0.0808964	0.0714953	0.030268	0.0138937	0.295211	0.0138082	0.04538	0.00559836
14	A	3.71487	0.178537	0.197401	0.00604027	0.042621	0.0227684	0.0079581	0.0384993	0.0263056	0.0379949	0.0256346	0.0254162	0.147774	0.0181584	0.0276865	0.0124959	0.0514529	0.0525788	0.0187519	0.0348667	0.0160004	0.0110583
15	T	3.09705	0.103101	0.0357002	0.0100982	0.00916576	0.00456563	0.00693829	0.0045513	0.387579	0.00879016	0.00990385	0.0123141	0.0170681	0.0166763	0.00732243	0.00438392	0.0507959	0.168638	0.0612991	0.0200568	0.0318763	0.0291755
16	D	3.2489	0.208279	0.00752408	0.0556336	0.0922293	0.00286175	0.00799749	0.100147	0.00574252	0.226624	0.000830887	0.0262745	0.00151207	0.000782527	0.00371846	0.0856565	0.101784	0.00376841	0.00795552	0.0221072	0.0372115	0.00136025
17	A	3.03263	0.41384	0.0160012	0.01347	0.0142234	0.0144671	0.205713	0.0148748	0.0111573	0.0671872	0.0260458	0.0177988	0.0133063	0.018204	0.0289226	0.00814167	0.0102072	0.0120788	0.0124191	0.0262691	0.0073397	0.0483327
18	D	2.46585	0.0202195	0.0294278	0.619962	0.0260716	0.0163767	0.00511052	0.0213382	0.00664603	0.0104207	0.0123108	0.00840686	0.0151816	0.0155134	0.0588262	0.0297115	0.00759047	0.011868	0.00634466	0.0128359	0.0562336	0.0096044
19	T	3.57693	0.00133928	0.000933606	0.00366749	0.0813376	0.0110009	0.00371336	0.0329462	0.0205112	0.0257585	0.0435764	0.0564267	0.232288	0.00201954	0.106011	0.0550371	0.0462337	0.109515	0.0683506	0.00506533	0.0899609	0.00430833
20	I	2.9435	0.0157314	0.00447673	0.00462325	0.0139406	0.0255342	0.00360625	0.00309678	0.46115	0.0712907	0.112087	0.0862544	0.0125255	0.0101671	0.0345234	0.0148458	0.0492142	0.00403168	0.0121003	0.00710919	0.0220066	0.031685
21	C	2.41413	0.00842062	0.622405	0.0151299	0.00761047	0.00733254	0.00152269	0.02176	0.00533527	0.0773795	0.0132585	0.0375377	0.0084359	0.0158486	0.024954	0.00691542	0.0138108	0.00757186	0.0343868	0.0180056	0.0140969	0.038282
22	I	2.68164	0.00670097	0.0176157	0.00168608	0.0234458	0.0238326	0.00748822	0.0324437	0.416081	0.0256073	0.294192	0.0134869	0.00478924	0.00309461	0.00812329	0.0177787	0.0237647	0.0286961	0.00580101	0.00346233	0.00448356	0.0374257
23	G	2.62798	0.0359458	0.013412	0.0244983	0.011273	0.00476026	0.559822	0.00498852	0.013273	0.00528982	0.00864107	0.0126769	0.0197676	0.0505036	0.015499	0.0110194	0.00260751	0.0108665	0.0215967	0.0288061	0.0290241	0.115729
24	Y	2.5932	0.003571	0.018756	0.00990689	0.00657236	0.0432384	0.00273263	0.0127066	0.0133398	0.0115654	0.00885284	0.0749041	0.00702891	0.00188447	0.120276	0.0158498	0.00969822	0.00905393	0.059725	0.0097591	0.54279	0.0177889
25	H	2.95401	0.0200898	0.0221364	0.00513792	0.00246453	0.00217134	0.00592127	0.266065	0.00886258	0.00641403	0.287667	0.0538926	0.00236166	0.00480861	0.0202987	0.00337109	0.113014	0.120708	0.0320479	0.00301099	0.0133571	0.00620008
26	A	2.84492	0.483893	0.0116178	0.00432357	0.00541143	0.006823	0.0069734	0.0135343	0.0151924	0.0132097	0.00318252	0.0381848	0.0844372	0.0166187	0.0462325	0.00641701	0.123483	0.051872	0.00662339	0.00686904	0.0203038	0.0347973
27	N	2.56211	0.0113102	0.00698064	0.0104889	0.00942068	0.0116934	0.00838401	0.00866736	0.0053424	0.0929967	0.0218579	0.0119735	0.478492	0.0167964	0.00380694	0.0154706	0.0105493	0.0155406	0.00244938	0.00836534	0.0159556	0.233458
28	N	2.68557	0.0139383	0.0114044	0.264711	0.0184401	0.0197505	0.0402266	0.0102722	0.00223085	0.0142414	0.00598199	0.0137908	0.405175	0.00137903	0.0151788	0.00562265	0.00207027	0.00822473	0.00174938	0.010873	0.0204288	0.11431
29	S	2.8602	0.142882	0.0243406	0.00289562	0.00378361	0.0063727	0.0295054	0.0193565	0.00214294	0.0310754	0.00450148	0.0107247	0.0277053	0.0019096	0.0194568	0.0137708	0.462164	0.0890555	0.0357524	0.00500956	0.0071035	0.0604918
30	T	2.53264	0.00161561	0.00265045	0.00239562	0.0141622	0.0145709	0.00742274	0.0069385	0.01051	0.0121229	0.0127375	0.0163108	0.34243	0.0311746	0.0149285	0.00456051	0.063156	0.391063	0.00364384	0.00682918	0.00235926	0.0384178
31	D	2.9571	0.0274568	0.00175679	0.330969	0.128157	0.0335424	0.0219322	0.137968	0.00618164	0.00506497	0.00210628	0.0045467	0.0281609	0.00248149	0.00351778	0.0020506	0.0060941	0.00533259	0.198325	0.01171	0.0225489	0.020097
32	T	3.13526	0.0558729	0.0365437	0.00517883	0.0122737	0.00590851	0.00136708	0.0154391	0.00383134	0.0107781	0.0582488	0.0196407	0.00927826	0.0263611	0.0260823	0.0228974	0.097589	0.431163	0.0361609	0.0355558	0.00814979	0.0816791
33	V	2.66397	0.0289791	0.0292932	0.0166043	0.00746858	0.00401322	0.0118424	0.0023905	0.241946	0.0052939	0.0204168	0.0143326	0.0015533	0.00355058	0.00380275	0.00306743	0.0850576	0.0022689	0.424597	0.00251889	0.0185581	0.0724448
34	D	2.59001	0.00498791	0.00385302	0.548038	0.023998	0.0276029	0.0209017	0.00164827	0.0158334	0.0165052	0.0224194	0.00621061	0.0236565	0.128221	0.00331718	0.0036673	0.00626901	0.0515429	0.0532151	0.00712705	0.0265907	0.00439431
35	T	2.58743	0.0437941	0.00608875	0.0164871	0.0129918	0.00657812	0.0185612	0.0134394	0.0121007	0.00418327	0.017729	0.0390554	0.0541605	0.00870252	0.0141289	0.00755905	0.00516286	0.578414	0.00918643	0.00900693	0.0419603	0.0807101
36	I	2.52423	0.029579	0.0341162	0.00185203	0.00360375	0.00306777	0.00355138	0.00187333	0.220965	0.00342982	0.0117957	0.456244	0.00247923	0.024675	0.015688	0.00650697	0.0223905	0.131094	0.00116974	0.00698169	0.00633776	0.0125994
37	L	3.06148	0.0174485	0.0125363	0.00109353	0.00938324	0.013847	0.00113306	0.00411425	0.0119105	0.00577849	0.114604	0.00235835	0.00536092	0.008097	0.0513204	0.0530923	0.117295	0.379173	0.0022649	0.0338694	0.0513389	0.10398
38	E	2.96086	0.0324103	0.00818779	0.0192258	0.475864	0.00769091	0.0814122	0.0286427	0.0280836	0.00800532	0.00271481	0.00851726	0.0192564	0.0031302	0.0709771	0.0749258	0.0412185	0.00585096	0.0055345	0.00929236	0.0175014	0.0515584
39	K	1.88201	0.00214583	0.00303174	0.00462718	0.0189749	0.00329948	0.00249035	0.00982923	0.00415603	0.144007	0.00628214	0.0110805	0.0139541	0.0203966	0.00362494	0.682941	0.00609608	0.00971595	0.00559803	0.0119029	0.00464271	0.0312029
40	N	2.94962	0.0148235	0.011008	0.0193953	0.0602594	0.00794702	0.0658715	0.0119352	0.00582506	0.0482944	0.00508416	0.0323951	0.3271	0.00267601	0.0257134	0.00910799	0.0160498	0.00438347	0.00370062	0.0156173	0.0100188	0.302794
41	V	2.92134	0.00751403	0.0132648	0.00726854	0.0172406	0.0382437	0.0181235	0.00749504	0.346897	0.0206003	0.0144141	0.0483591	0.00759642	0.00359198	0.0269947	0.0144401	0.00348443	0.0167226	0.3035	0.0630953	0.0130308	0.00812293
42	A	3.32912	0.0808025	0.213778	0.00924073	0.000991882	0.218526	0.104204	0.00797903	0.0103112	0.0504113	0.00671747	0.0052132	0.00574169	0.0751495	0.00378954	0.00628299	7.05351e-05	0.0126887	0.103862	0.0484579	0.0167767	0.0190058
43	V	3.63297	0.0260257	0.0276772	0.0332149	0.0346311	0.0155319	0.0425127	0.0412758	0.0175858	0.0736078	0.000347201	0.0804926	0.034094	0.0144051	0.0424712	0.0204885	0.0132686	0.0365568	0.333352	0.0353699	0.0564157	0.0206757
44	T	2.18002	0.00716447	0.00850093	0.0712096	0.0137395	0.00798592	0.00730122	0.0143342	0.0131822	0.0144267	0.00641146	0.0156219	0.00499116	0.000595011	0.0264017	0.00399903	0.0152591	0.663978	0.00593265	0.0132344	0.0282189	0.057512
45	H	3.24678	0.0434056	0.0220817	0.0346738	0.0335026	0.0303766	0.014994	0.376618	0.00726339	0.00792566	0.0271435	0.0300251	0.0509055	0.00293994	0.0890461	0.00279485	0.149568	0.0125383	0.0031231	0.0071963	0.0192338	0.0346436
46	S	2.97739	0.0116581	0.0154425	0.0316084	0.012213	0.142641	0.0114307	0.0211502	0.008577	0.0158788	0.0778677	0.0134641	0.062086	0.014212	0.0252254	0.00871547	0.452053	0.00923218	0.00575313	0.0472793	0.00573828	0.00777362
47	V	2.98329	0.0130887	0.0169658	0.00933779	0.00547271	0.188641	0.00191256	0.00765296	0.0635332	0.00617068	0.0252152	0.00571787	0.00226305	0.0039735	0.0497538	0.0274077	0.00503218	0.0143659	0.235272	0.0155954	0.294109	0.00851832
48	N	3.18035	0.00345259	0.013607	0.0239949	0.125805	0.0377194	0.00363629	0.00583271	0.00367441	0.0295512	0.0108132	0.0418738	0.358353	0.0136292	0.0391322	0.00539406	0.1521	0.0456087	0.00418136	0.059215	0.00474432	0.0176813
49	L	2.87088	0.00488028	0.0074181	0.0101741	0.00837469	0.0288321	0.00625775	0.00757412	0.0449043	0.013148	0.512683	0.0121242	0.0168071	0.0720356	0.0264966	0.0241979	0.038491	0.0168147	0.0128288	0.00825288	0.0418333	0.0858717
50	L	2.15944	0.00397118	0.0211156	0.0201985	0.0236359	0.0242426	0.0264967	0.00801713	0.0130587	0.0451281	0.688195	0.0130766	0.0057994	0.00588413	0.00689531	0.0172132	0.00586203	0.0168245	0.0188911	0.0210377	0.00689989	0.00755695
51	E	2.96128	0.181009	0.0352795	0.0101786	0.190714	0.00190068	0.00133323	0.0110522	0.02697	0.0155161	0.00532311	0.00709224	0.0181725	0.00243806	0.0181032	0.0048203	0.0110171	0.00548096	0.329621	0.0121585	0.0996422	0.0121767
52	D	3.56079	0.0804929	0.0132802	0.22631	0.0222118	0.00946289	0.096641	0.0160881	0.0542853	0.0219366	0.0124342	0.0138209	0.0894719	0.00953506	0.00348166	0.00326188	0.172602	0.0718661	0.0421534	0.00842404	0.0094223	0.0228181
53	S	3.44592	0.170247	0.00221347	0.00924775	0.0671272	0.0587525	0.230709	0.0123724	0.00392849	0.136006	0.0182371	0.00405813	0.0274691	0.00342935	0.063624	0.0104173	0.0732658	0.0227605	0.0637966	0.00655954	0.00371278	0.0120663
54	H	2.91696	0.0416498	0.0174866	0.0064107	0.00789451	0.00314466	0.00354809	0.243418	0.0689302	0.00315524	0.00306029	0.191062	0.00149834	0.0225159	0.0214585	0.00115683	0.0186335	0.297539	0.0125526	0.00871709	0.0105329	0.0156352
55	N	3.10425	0.00430526	0.0130457	0.0750641	0.00594433	0.0188469	0.0370762	0.00606384	0.0241006	0.0300303	0.0148997	0.0590339	0.43774	0.00285639	0.0205305	0.010503	0.0344159	0.114297	0.0346588	0.00926518	0.00705291	0.0402698
56	G	2.80329	0.00560328	0.0160114	0.082711	0.0646249	0.0160871	0.502371	0.00810202	0.00631262	0.00856451	0.00536972	0.0132872	0.0626728	0.0117182	0.0220839	0.101046	0.0157733	0.00611215	0.00694029	0.0137157	0.00680618	0.0240866
57	K	3.11811	0.112815	0.00882316	0.0158163	0.00484135	0.317145	0.0365343	0.00400157	0.0146399	0.238536	0.0267609	0.0695506	0.0388995	0.00447425	0.0126342	0.0311166	0.00607151	0.00276857	0.0197312	0.0189363	0.0115236	0.00438059
58	L	2.81228	0.00962379	0.00761859	0.0096031	0.0459276	0.0150131	0.011862	0.0509018	0.0459816	0.0143904	0.544091	0.0454131	0.00539784	0.0213855	0.0287565	0.00733518	0.0257867	0.0116969	0.0051247	0.0446421	0.0152773	0.0341712
59	C	2.88956	0.0126872	0.407652	0.0225383	0.0193354	0.0256464	0.0115148	0.0132178	0.0078102	0.00171063	0.00589936	0.0609995	0.0285711	0.00776238	0.17054	0.00473051	0.00738901	0.00786722	0.00947509	0.0138924	0.00727842	0.153482
60	K	3.70503	0.0644839	0.0189845	0.0467225	0.0279837	0.0756803	0.00614416	0.022431	0.00861061	0.135383	0.0585199	0.0413603	0.168165	0.00328097	0.00611814	0.175174	0.0400563	0.0287568	0.00383292	0.0438471	0.0145542	0.00991049
61	L	2.99305	0.00917144	0.0138534	0.00109644	0.0147037	0.0136984	0.0121175	0.00516686	0.254693	0.00843946	0.31003	0.120058	0.020817	0.00958301	0.00224735	0.0118188	0.0025008	0.00795873	0.0853999	0.00581575	0.0260694	0.0647609
62	K	2.50448	0.0313942	0.000618669	0.00047538	0.143541	0.00952738	0.0307596	0.219481	0.000697521	0.0609231	0.00668164	0.00306551	0.431265	0.000408396	0.00754391	0.0295801	0.00520456	0.000985804	0.000390951	0.00239201	0.0119617	0.00310226
63	G	2.8943	0.0097626	0.0107581	0.0134479	0.0203714	0.0103145	0.448751	0.0440704	0.00616391	0.00886464	0.00362153	0.0154508	0.188577	0.00775539	0.0745947	0.0256482	0.0104271	0.0197897	0.0084755	0.0144532	0.0232079	0.0354947
64	I	2.92006	0.0132327	0.00474689	0.00525543	0.0143881	0.0380868	0.00424279	0.000823805	0.116697	0.00539513	0.0173221	0.0393763	0.0256054	0.00160042	0.23492	0.356116	0.00456287	0.0592175	0.0160308	0.00340845	0.00159017	0.0373808
65	A	3.69476	0.103949	0.00127707	0.00912454	0.107251	0.0154816	0.0739507	0.151725	0.00765435	0.0209432	0.0384169	0.0935031	0.141756	0.0512609	0.00877676	0.0734405	0.0182851	0.0561316	0.0114739	0.00209967	0.00278453	0.0107142
66	P	2.75832	0.0677523	0.0185415	0.0353684	0.0114977	0.00782157	0.0157336	0.0523602	0.00981887	0.00949763	0.00382887	0.0181089	0.00940715	0.519433	0.00272857	0.0092152	0.0112096	0.00488178	0.0231802	0.0144018	0.0390327	0.116181
67	L	3.20019	0.0058501	0.00715617	0.0163253	0.00722504	0.0426805	0.00260096	0.0641922	0.162419	0.0287618	0.387201	0.0451316	0.0339527	0.010045	0.00973429	0.00308816	0.0246965	0.04846	0.016653	0.0118546	0.0463368	0.0256351
68	Q	3.17319	0.0470018	0.00838155	0.00228285	0.0555036	0.0337839	0.0151829	0.00353109	0.163738	0.0171478	0.101832	0.348031	0.00325195	0.0237726	0.0938711	0.0150629	0.00654127	0.00788302	0.0287836	0.00640028	0.0158048	0.00221162
69	L	2.33825	0.00540555	0.00958729	0.0641008	0.00981619	0.005395	0.0148042	0.0234947	0.0239283	0.00588671	0.63889	0.0217517	0.0148917	0.00439156	0.00884914	0.00372595	0.0393201	0.00645792	0.0282713	0.0220798	0.0054572	0.0434947
70	G	3.39372	0.0147704	0.00993135	0.029673	0.0144914	0.0239514	0.153485	0.0182821	0.00124276	0.0333322	0.0331548	0.0767297	0.0645048	0.00475602	0.138912	0.291239	0.0146541	0.0245718	0.00712954	0.00333577	0.0334726	0.00838059
71	K	2.24167	0.00297827	0.00539888	0.00276476	0.00965317	0.00426695	0.0529721	0.00601785	0.00410852	0.0537318	0.00448431	0.00772884	0.0378817	0.0144229	0.10032	0.0143316	0.033385	0.623246	0.00220202	0.0103496	0.00222951	0.00752634
72	C	2.33277	0.0171074	0.621611	0.00569026	0.0206898	0.045515	0.00244172	0.0221622	0.00511724	0.00624014	0.019435	0.0431094	0.00575977	0.00454537	0.0143484	0.00265735	0.00430375	0.020994	0.100268	0.0115476	0.0154087	0.011048
73	N	3.3684	0.0723424	0.00180786	0.0529984	0.0031648	0.00484043	0.0643692	0.0649924	0.00162504	0.0286982	0.00205403	0.0713953	0.242675	0.00572628	0.0532987	0.00778092	0.20774	0.0757002	0.00875892	0.00477216	0.00996593	0.0152938
74	I	2.42621	0.00124389	0.000763953	0.00263397	0.000415847	0.0925065	0.00123662	0.00448799	0.145548	0.00183786	0.119981	0.0539167	0.00192966	0.000739394	0.0241618	0.00161906	0.000944085	0.00464418	0.490065	0.0192535	0.00188314	0.0301879
75	T	3.38219	0.0186637	0.0159066	0.00175258	0.0139614	0.0206203	0.0143337	0.0233535	0.327047	0.0353603	0.0791706	0.0281805	0.041844	0.00858973	0.0160029	0.0198438	0.0294113	0.188478	0.0564759	0.004865	0.0164584	0.0396805
76	G	2.4636	0.0355112	0.034641	0.0368791	0.0210839	0.010386	0.61935	0.00799819	0.00546687	0.00777032	0.00301341	0.0395889	0.0114118	0.00680301	0.00781432	0.00787905	0.0210615	0.00647526	0.0485071	0.019278	0.0140109	0.0350703
77	W	2.21765	0.00912949	0.0130415	0.0134509	0.00662734	0.00843516	0.00759381	0.00448269	0.00516793	0.0109424	0.00173369	0.0223363	0.00607827	0.00313879	0.00591005	0.0058162	0.0220902	0.0227268	0.0198528	0.530017	0.0041579	0.277271
78	L	2.30475	0.0218686	0.00536016	0.0140019	0.0275905	0.0175494	0.00377297	0.0144331	0.00969833	0.00794146	0.642695	0.0269576	0.00753126	0.0150769	0.00500614	0.00342241	0.0248816	0.0113046	0.0311042	0.015288	0.00725898	0.0872572
79	L	2.78468	0.0342819	0.0207577	0.0158876	0.00294694	0.008875	0.00694291	0.0084155	0.177738	0.00325019	0.486691	0.0264288	0.00553351	0.00658832	0.00775297	0.0208234	0.00988785	0.0256008	0.0486337	0.0200204	0.0283075	0.0346361
80	G	2.23101	0.061511	0.00440598	0.00489738	0.00885189	0.01082	0.665891	0.00451906	0.0117631	0.0112515	0.0153232	0.0276458	0.0273557	0.0287655	0.0303508	0.0041449	0.010553	0.00906822	0.0142051	0.0229779	0.00438241	0.021317
81	N	2.46986	0.00347142	0.00365911	0.00328638	0.0044962	0.00143788	0.00658758	0.317575	0.0284567	0.0416232	0.00728206	0.003364	0.427201	0.000670568	0.0230168	0.00344767	0.0423811	0.032512	0.0118746	0.019398	0.00546982	0.0127887
82	P	2.17327	0.00390049	0.0191201	0.00991159	0.0157157	0.0149421	0.00232608	0.00520375	0.00819691	0.0030903	0.0404695	0.00265936	0.0307236	0.672865	0.00840757	0.0171342	0.00983013	0.0473703	0.0165292	0.00782766	0.0163964	0.0473796
83	E	3.51422	0.256979	0.00407896	0.0923845	0.174772	0.0243499	0.0596465	0.0163769	0.0272731	0.0180848	0.0335007	0.0274093	0.105669	0.000237531	0.00158341	0.0143922	0.0106439	0.0190926	0.0356468	0.0163751	0.0426669	0.0188367
84	C	1.90773	0.00235299	0.719765	0.017891	0.00481862	0.0111791	0.00722402	0.00510737	0.00341764	0.0128292	0.00346793	0.0180777	0.0453595	0.0354947	0.00957916	0.0100906	0.00272074	0.00428239	0.00284366	0.0441344	0.0102537	0.0291109
85	D	2.30354	0.00998817	0.0115059	0.349267	0.438455	0.00150526	0.0125973	0.0099382	0.00572736	0.00176284	0.0097831	0.0263066	0.00378334	0.00727756	0.00620246	0.0050489	0.00270408	0.00572348	0.010375	0.00419214	0.0241018	0.0537543
86	S	3.60692	0.0752843	0.0382689	0.224894	0.0173946	0.00164181	0.0192255	0.0534017	0.144691	0.0325735	0.0130514	0.02074	0.0130762	0.0107163	0.118074	0.0219404	0.0476933	0.0300149	0.0106226	0.00475948	0.101062	0.000873929
87	L	3.06634	0.0454271	0.013306	0.097458	0.0044459	0.00356833	0.0111881	0.0117927	0.120627	0.00778836	0.423698	0.0788984	0.00367903	0.0191244	0.0172917	0.0131617	0.0261325	0.00331684	0.0374156	0.0202404	0.0122862	0.0291534
88	L	2.8687	0.0402791	0.00265494	0.00672818	0.00718645	0.000682079	0.0477393	0.00518398	0.0453217	0.0145102	0.0922339	0.462074	0.00962095	0.00335029	0.0619597	0.00173233	0.0359266	0.0148496	0.0176844	0.00360345	0.0104227	0.116256
89	P	3.47531	0.0471441	0.000299291	0.0345093	0.0228491	0.0125278	0.0239767	0.0515703	0.228572	0.0175516	0.203348	0.00389403	0.0195738	0.0795949	0.0145756	0.027577	0.0518448	0.0229112	0.0111289	0.000262856	0.122693	0.00359653
90	A	3.58488	0.0811469	0.0129953	0.11575	0.0292418	0.0513354	0.0528721	0.100933	0.0340999	0.0132364	0.0293819	0.013207	0.0283986	0.0242328	0.000450017	0.00818552	0.063774	0.281127	0.0275973	0.00342974	0.0240242	0.00458127
91	R	3.14611	0.0326328	0.0105811	0.0128904	0.0362827	0.000546594	0.0173544	0.242356	0.00975621	0.0197282	0.0122855	0.00245716	0.291862	0.00240109	0.0440515	0.104473	0.0124232	0.0120324	0.0858901	0.00406927	0.0448144	0.00111312
92	S	2.71346	0.00649206	0.00011074	0.00520326	0.0760534	0.0695559	0.0275237	0.00208702	0.0680042	0.00241006	0.0306736	0.504075	0.00481473	0.00490024	0.00272558	0.00892187	0.0447336	0.0701513	0.0105923	0.00610782	0.0542848	0.000578749
93	W	2.70856	0.00292446	0.0157113	0.0133066	0.0140589	0.297208	0.00328266	0.0165419	0.00575501	0.0110791	0.0221313	0.00676353	0.00387328	0.0194979	0.0106169	0.00312009	0.015413	0.0113806	0.00755926	0.286468	0.00354364	0.229764
94	S	2.68741	0.107863	0.0306871	0.0456423	0.0440822	0.0154979	0.0339926	0.0110844	0.00805956	0.00600461	0.00325806	0.0101914	0.00914187	0.00663969	0.0407333	0.00825207	0.545692	0.00947246	0.00863435	0.0128214	0.0336552	0.00859493
95	Y	1.90928	0.00195391	0.00734355	0.0117098	0.00672463	0.00393901	0.0169361	0.0280389	0.0069381	0.0330147	0.0295369	0.0138763	0.00814879	0.0202974	0.00666511	0.00272591	0.00374683	0.0215955	0.00510464	0.00900169	0.728259	0.0344435
96	I	2.58368	0.0067542	0.00639579	0.00298487	0.00780773	0.0129751	0.00818005	0.00897908	0.486067	0.00815845	0.173406	0.00941853	0.00671262	0.00650833	0.0291352	0.00226384	0.0103179	0.0342239	0.135949	0.0112274	0.0055847	0.02695
97	V	2.66251	0.013642	0.0337144	0.0259762	0.00882629	0.00525954	0.00400169	0.032373	0.299281	0.00295674	0.00309974	0.0318007	0.00357064	0.00456943	0.0127152	0.00353308	0.00844895	0.0187491	0.409342	0.0144624	0.0129456	0.0507321
98	E	2.34347	0.00664148	0.00667009	0.017526	0.51957	0.00660015	0.00748152	0.0122378	0.00683731	0.0113281	0.0477913	0.0259521	0.0079744	0.00527285	0.254263	0.0163864	0.00236538	0.0024335	0.00535192	0.0176813	0.0046895	0.0149462
99	T	2.00539	0.0456374	0.000852549	0.00811867	0.0169955	0.0097416	0.0011952	0.074837	0.00342572	0.0120085	0.0399652	0.000187384	0.00144072	0.00429626	0.673601	0.033455	0.0251346	0.0386138	0.00108394	0.00877972	9.35578e-05	0.000537062
100	P	3.76037	0.117546	0.00182817	0.0195722	0.0593344	0.00132202	0.0623275	0.0321184	0.0328521	0.0183678	0.0687164	0.00307027	0.0481789	0.135241	0.113918	0.0230436	0.00948069	0.0323828	0.104589	0.00212571	0.110348	0.00363628
101	N	3.60385	0.0737768	0.036149	0.214127	0.0277572	0.0174305	0.0107847	0.0122062	0.00781296	0.044078	0.108534	0.0288415	0.205194	0.0168975	0.0155325	0.023091	0.0760283	0.0257062	0.0059426	0.024122	0.0205486	0.00543954
102	S	3.20919	0.074542	0.0840213	0.00181094	0.00256503	0.0130303	0.174502	0.00168306	0.00700621	0.00218491	0.00378337	0.0110284	0.00871714	0.0338744	0.022469	0.0266584	0.14679	0.144733	0.227881	0.00391028	0.00273114	0.00607773
103	E	2.85961	0.00389228	0.00590126	0.00538113	0.0857811	0.00488279	0.00223657	0.0260645	0.429675	0.00620293	0.0995093	0.00205236	0.00841887	0.109771	0.0189242	0.0149979	0.0241116	0.0179584	0.113643	0.000553208	0.0175706	0.00247195
104	N	3.99248	0.0550047	0.0276376	0.00900728	0.097004	0.106677	0.0185087	0.10733	0.0213682	0.0967297	0.0452466	0.0364981	0.0998931	0.00228252	0.0436145	0.00871958	0.0358811	0.026715	0.0174989	0.0465541	0.0841077	0.0137216
105	G	2.6293	0.0200498	0.0119425	0.0111723	0.013935	0.00735127	0.551149	0.00262374	0.00473104	0.00261826	0.0133452	0.0084743	0.00358547	0.0261446	0.0166846	0.0287687	0.048576	0.0181244	0.00577367	0.0849084	0.0935221	0.0265201
106	A	2.75934	0.103213	0.000740956	0.00447486	0.0039218	0.00260768	0.0198111	0.00217727	0.0187062	0.000607723	0.0327207	0.0193576	0.0112531	0.303249	0.0232994	0.000846399	0.0787754	0.0160831	0.330085	0.00387309	0.000733103	0.0234635
107	C	1.94904	0.00315858	0.686497	0.00802064	0.00277194	0.0136178	0.003704	0.011875	0.0181766	0.00667612	0.00258255	0.109529	0.0062942	0.00798334	0.0106145	0.0207456	0.0032909	0.0141168	0.00285642	0.0518346	0.00959863	0.00605558
108	Y	2.60949	0.0417384	0.00876391	0.00937979	0.0105707	0.0800485	0.00456057	0.00833991	0.0457919	0.00741937	0.0201673	0.0874253	0.0250759	0.0133493	0.00376939	0.0175023	0.00798418	0.0198558	0.00780451	0.01207	0.561731	0.0066521
109	P	2.32797	0.00643332	0.0103345	0.00391614	0.0303097	0.00497117	0.00239624	0.0165869	0.00416139	0.028095	0.123567	0.00945432	0.00859235	0.608139	0.00703223	0.0289195	0.00535805	0.00920637	0.00905878	0.028111	0.00498048	0.0503773
110	G	2.5201	0.0095102	0.0586831	0.0138142	0.0265426	0.00947426	0.609912	0.00599965	0.0133382	0.00881546	0.0034782	0.0264522	0.00732051	0.020079	0.0217178	0.00433007	0.035414	0.0104525	0.0425132	0.021498	0.0202983	0.0303565
111	D	3.51215	0.0588628	0.0056932	0.184326	0.017086	0.0163629	0.0412568	0.0247738	0.0370041	0.0459639	0.149112	0.016126	0.00244145	0.242686	0.00382996	0.020814	0.0227174	0.0344777	0.00629185	0.0153115	0.0360437	0.0188179
112	L	2.70735	0.00598451	0.00950459	0.00615801	0.00477317	0.14591	0.00748512	0.0185392	0.0234201	0.00642902	0.470303	0.0421647	0.0105934	0.00403517	0.00321651	0.00565577	0.0148943	0.0515759	0.0122539	0.139527	0.0060235	0.0115538
113	I	3.12982	0.218678	0.0257314	0.0147481	0.0147743	0.0225344	0.00370685	0.0191517	0.089197	0.0141477	0.12441	0.0176542	0.020855	0.00101457	0.00217139	0.0488275	0.310989	0.00422573	0.0028106	0.00653139	0.0277465	0.0100946
114	D	3.25403	0.257525	0.0190387	0.129703	0.0459459	0.0147514	0.0222514	0.0158301	0.00211754	0.00467085	0.0371434	0.00226589	0.182371	0.00618509	0.0792845	0.00525953	0.123981	0.00221162	0.000166352	0.00507714	0.0286468	0.0155741
115	Y	3.54481	0.0926754	0.00608038	0.0157168	0.0102845	0.0496726	0.0258931	0.0109266	0.139378	0.00244808	0.0763859	0.0510664	0.00994783	0.0140051	0.02741	0.0097029	0.171356	0.0525156	0.0282106	0.000936552	0.200279	0.00510875
116	E	2.8208	0.187556	0.0229615	0.0047091	0.474629	0.00849044	0.0324062	0.0129432	0.00983794	0.0111157	0.00926884	0.0315776	0.0104792	0.0358497	0.047335	0.00518614	0.0170576	0.00477528	0.0108447	0.00919801	0.0306686	0.02311
117	E	2.5929	0.0108233	0.00416783	0.0332885	0.57478	0.0106927	0.0645729	0.00805338	0.023291	0.0390123	0.00380139	0.0346107	0.0222853	0.0161119	0.0247979	0.00953745	0.00935612	0.0115569	0.00366023	0.081267	0.00756249	0.00677088
118	L	2.62354	0.0377484	0.0175248	0.00922124	0.00913678	0.0137041	0.0107861	0.00521437	0.0291159	0.0270446	0.576342	0.0714732	0.00659099	0.0174036	0.0129842	0.0128769	0.00390138	0.0165608	0.00639158	0.0112735	0.0440201	0.060685
119	R	3.30623	0.00802199	0.0171313	0.00422591	0.0158445	0.014298	0.00941662	0.125879	0.0932293	0.124734	0.0220086	0.00229632	0.00563218	0.00254965	0.00440104	0.231321	0.00556847	0.0476754	0.0559353	0.0175783	0.188122	0.00413206
120	E	2.82746	0.0149073	0.0215546	0.0138816	0.532184	0.0222727	0.00899801	0.0113425	0.0129722	0.0158747	0.010611	0.0804	0.0649568	0.00318012	0.0271554	0.0225307	0.0357514	0.00652087	0.00937701	0.027907	0.045881	0.0117416
121	Q	3.03436	0.0292381	0.0159993	0.0219405	0.0129287	0.0327724	0.00493964	0.103901	0.0107932	0.0245834	0.0182664	0.0137823	0.0332653	0.00637655	0.464137	0.00399533	0.0290246	0.0183193	0.00575259	0.0166253	0.0928363	0.0405236
122	L	2.32208	0.0104059	0.00817216	0.0140699	0.00832899	0.00844925	0.00304841	0.012209	0.10599	0.010234	0.628341	0.0414712	0.00806634	0.00551812	0.014797	0.00361618	0.0167529	0.018428	0.0369426	0.015461	0.0104341	0.0192637
123	S	3.2797	0.0749054	0.0168951	0.0144021	0.164956	0.00493529	0.240687	0.00487962	0.00882662	0.0128157	0.00924462	0.0080741	0.00765195	0.010874	0.0457908	0.0187167	0.188812	0.117249	0.0246532	0.00936847	0.00246877	0.013794
124	S	3.50961	0.0159676	0.0164751	0.112235	0.0632914	0.0184867	0.159021	0.00350529	0.00598542	0.013228	0.00674857	0.16643	0.0221885	0.00697464	0.0196598	0.110812	0.152669	0.00485167	0.0263182	0.00526681	0.067459	0.00242551
125	V	2.89528	0.24407	0.0262037	0.00244193	0.00331663	0.0094494	0.0014667	0.00319191	0.167219	0.00566917	0.0126315	0.0350723	0.00315788	0.000868705	0.0103014	0.000703122	0.051435	0.174185	0.231505	0.00686333	0.00557132	0.00467684
126	S	3.40821	0.0708321	0.00285773	0.178266	0.00734006	0.0153827	0.00467296	0.0110889	0.0860787	0.0289395	0.258113	0.0343867	0.0548896	0.000651303	0.0652218	0.0164566	0.0654542	0.0760846	0.0115507	0.000610334	0.00849799	0.00262507
127	S	3.54795	0.0468877	0.00733738	0.00652334	0.0155635	0.180333	0.0254754	0.0025461	0.00591377	0.174884	0.0187649	0.0131173	0.0503771	0.00262984	0.03645	0.0909204	0.144178	0.0457353	0.100793	0.00977401	0.0159687	0.00582632
128	L	3.04137	0.0175471	0.021311	0.00238906	0.00447828	0.142447	0.00114345	0.0019896	0.142395	0.00925703	0.102659	0.069445	0.00111082	0.00114703	0.018683	0.00095235	0.00457774	0.0305022	0.0556381	0.342633	0.0107153	0.01898
129	E	3.40893	0.0206921	0.00971421	0.0349731	0.362184	0.0190968	0.00562927	0.0818653	0.0281754	0.0183319	0.0397898	0.0232234	0.0945496	0.00444159	0.0136421	0.0273628	0.0685921	0.00595796	0.0217952	0.00855282	0.0800163	0.0314137
130	R	2.59807	0.00841588	0.0139364	0.0100447	0.0230575	0.0132589	0.0102614	0.0137712	0.0144234	0.0233472	0.0154044	0.0394292	0.0152634	0.0246178	0.017398	0.588851	0.00923686	0.0130795	0.0187431	0.0167574	0.0129461	0.0977571
131	F	2.82896	0.0197382	0.0178071	0.0334166	0.0210271	0.521535	0.0106301	0.0116351	0.125968	0.0156016	0.00734576	0.0216732	0.015675	0.00703476	0.0150957	0.00932629	0.00627321	0.0303814	0.0139219	0.0234322	0.0317801	0.0407009
132	E	3.26112	0.00654014	0.0088487	0.0199307	0.25631	0.00789737	0.00283381	0.0122848	0.00312935	0.0108157	0.0404422	0.0214307	0.0523344	0.20146	0.07441	0.0270937	0.00629813	0.0030062	0.176762	0.0197477	0.00861074	0.039813
133	I	3.13857	0.0827578	0.0255187	0.0128366	0.0119945	0.173026	0.0102381	0.0144121	0.395956	0.0205041	0.00732629	0.0401901	0.0659259	0.0115394	0.00886368	0.0194078	0.0101284	0.00812994	0.0245804	0.0330034	0.0112394	0.012422
134	F	2.21875	0.00586186	0.0172941	0.0121458	0.00852592	0.363191	0.00198375	0.00542088	0.00640985	0.00476139	0.00473406	0.451699	0.00774782	0.00344711	0.00661007	0.0111317	0.00347392	0.00828003	0.00614471	0.0255993	0.0129504	0.0325878
135	P	2.37855	0.0168869	0.00215936	0.583696	0.0070949	0.00659342	0.00165409	0.00548953	0.00374916	0.0614271	0.00423529	0.00206448	0.0565641	0.0813892	0.0215733	0.00397797	0.0416569	0.00888836	0.0004925	0.00604431	0.0085442	0.0758186
136	K	3.2338	0.103982	0.00363187	0.0990886	0.001517	0.361012	0.0268147	0.0217529	0.00186669	0.133085	0.0339198	0.0132051	0.014637	0.0170177	0.0218142	0.0363577	0.0409713	0.0201321	0.0220269	0.00878184	0.000685318	0.0176998
137	E	3.36256	0.168888	0.00148388	0.0135671	0.302296	0.00753937	0.040619	0.0432713	0.00939834	0.00607101	0.0220951	0.00661607	0.0896561	0.0277789	0.0107241	0.00516069	0.0627803	0.0313116	0.0946443	0.00236931	0.0279836	0.0257462
138	S	3.49021	0.0256114	0.000460614	0.0018007	0.182875	0.00221599	0.183507	0.0239023	0.0586655	0.00821493	0.173141	0.0282877	0.0795192	0.0142052	0.0163325	0.0639118	0.0625732	0.0327596	0.0207979	0.0077181	0.00566545	0.00783442
139	S	2.9354	0.463921	0.00660304	0.00181141	0.00784891	0.0125875	0.0623417	0.00988526	0.00354059	0.0356942	0.00722973	0.0226096	0.0649212	0.000239928	0.074521	0.0084595	0.0905584	0.0374743	0.0451152	0.0353758	0.00494756	0.00431439
140	W	2.5596	0.0110724	0.0137403	0.00249734	0.0215497	0.30139	0.036159	0.00928706	0.00719269	0.00242737	0.00224044	0.0646889	0.00473045	0.00113744	0.00956692	0.00157885	0.00294065	0.0258772	0.00430137	0.415631	0.0371551	0.0248354
141	P	3.55302	0.00674365	0.133395	0.0212054	0.0381842	0.00466218	0.0417855	0.0160538	0.031658	0.00260064	0.0158784	0.096363	0.0333621	0.259335	0.0715601	0.0101999	0.1228	0.0126597	0.0421252	0.0173051	0.0146414	0.00748189
142	N	2.31368	0.00819958	0.0167316	0.0207068	0.0223602	0.00610458	0.0155178	0.0149122	0.00960862	0.017292	0.00508352	0.0077443	0.658977	0.0146719	0.0287132	0.00861929	0.0538553	0.00612485	0.0139386	0.0210665	0.0233185	0.0264537
143	H	3.04987	0.019894	0.00936831	0.00490144	0.00266391	0.0145859	0.00257196	0.237669	0.0126199	0.00354323	0.0230063	0.0182894	0.0876785	0.00319238	0.0552266	0.013684	0.00401326	0.17429	0.010099	0.0284384	0.271093	0.00317082
144	T	2.18018	0.033936	0.00963101	0.00572565	0.0016287	0.00229593	0.104974	0.0184958	0.00445237	0.559659	0.00776986	0.00333364	0.00588439	0.00265877	0.00800133	0.00134002	0.00856271	0.196182	0.00361422	0.00647654	0.00728682	0.00809082
145	F	3.43473	0.070139	0.0449579	0.173101	0.281054	0.0727828	0.0114128	0.0129179	0.0229507	0.00841428	0.00484255	0.0302548	0.0426823	0.00421623	0.00381459	0.00617915	0.105177	0.0181366	0.0441213	0.01282	0.0105299	0.0194954
146	N	3.94998	0.0777673	0.0378253	0.022543	0.0840915	0.0338442	0.0630342	0.0455326	0.020859	0.034502	0.0067754	0.0474596	0.112814	0.0390282	0.0586066	0.0115948	0.0237265	0.0164955	0.0550262	0.00475	0.185832	0.0178931
147	G	3.5815	0.0735693	0.00742895	0.00421459	0.0452223	0.0430133	0.278353	0.0149807	0.105714	0.0679857	0.0134777	0.00806735	0.0224182	0.0576485	0.111559	0.051489	0.0168082	0.00166496	0.0353646	0.0109981	0.0181747	0.011848
148	V	3.67049	0.0636239	0.00665966	0.0782004	0.0261137	0.0317548	0.0048865	0.0697805	0.0443574	0.14568	0.00373687	0.0227957	0.0217724	0.0129188	0.00201151	0.056551	0.0671972	0.140122	0.175571	0.00326231	0.0182891	0.00471539
149	T	1.46016	0.00209035	0.00117573	0.00507239	0.00349745	0.0018437	0.00116188	0.00459978	0.0135201	0.0106504	0.000367117	0.0129383	0.0116084	0.00343446	0.0173226	0.000716486	0.757241	0.129967	0.00145041	0.0120673	0.00349896	0.0057763
150	V	2.99686	0.15096	0.00373348	0.019716	0.00850548	0.0749421	0.00803317	0.00145114	0.0218057	0.0191714	0.0956483	0.0184821	0.00713439	0.00281823	0.413846	0.0112227	0.036204	0.0236784	0.0302171	0.00177547	0.0484908	0.00216362
151	S	3.04998	0.117659	0.0487202	0.00801239	0.00511773	0.0225058	0.032069	0.0107642	0.00669026	0.00824687	0.181682	0.00854536	0.0573477	0.00865767	0.0186238	0.00759061	0.377264	0.0487078	0.00492863	0.00386127	0.0133312	0.00967463
152	C	2.84883	0.00408564	0.47222	0.0250893	0.00544762	0.0269712	0.00357106	0.0147739	0.00455521	0.086713	0.0257513	0.0137206	0.0115418	0.00834217	0.0127857	0.0189539	0.0273765	0.0218325	0.0251025	0.0173216	0.164546	0.00929929
153	S	3.27677	0.0111676	0.00422291	0.0232786	0.0226214	0.00127342	0.0576755	0.00107131	0.00744236	0.0747291	0.0137572	0.0298368	0.0580673	0.240755	0.221839	0.0208411	0.0358151	0.140087	0.0321222	0.000326892	0.00135572	0.00171439
154	H	3.69717	0.169221	0.00350005	0.0303073	0.0927032	0.00652838	0.00891424	0.0784485	0.121511	0.0639906	0.0284545	0.00530747	0.00233048	0.0182214	0.0715295	0.0700674	0.0372039	0.00912067	0.0954667	0.00234721	0.0839156	0.000910995
155	R	3.62632	0.0228578	0.0124914	0.00476856	0.208098	0.00607491	0.0114096	0.063014	0.0726481	0.00625624	0.0313487	0.0526513	0.00050637	0.000285431	0.103947	0.0576821	0.0639797	0.108691	0.0161837	0.0100229	0.12607	0.0210137
156	G	3.32897	0.0378944	0.0134377	0.31585	0.108316	0.0488926	0.155745	0.0122054	0.00388331	0.0281345	0.0048626	0.0316405	0.0432455	0.013429	0.0220673	0.00765971	0.0638952	0.0717094	0.004116	0.00451959	0.00257398	0.0059221
157	K	3.06506	0.104991	0.00099043	0.0463102	0.00441739	0.00298476	0.145083	0.0496535	0.00699201	0.0547612	0.0154293	0.064275	0.0142196	0.000364476	0.00899783	0.00716744	0.0645286	0.375463	0.0188383	0.000933897	0.00968329	0.00391677
158	S	3.31282	0.0596429	0.00612653	0.00402014	0.00960301	0.0112949	0.00215709	0.0826144	0.0377477	0.148933	0.22832	0.00855936	0.00689239	0.0250028	0.00616237	0.025347	0.119425	0.183371	0.0156961	0.011149	0.0047422	0.00319375
159	S	3.15693	0.23787	0.00350416	0.00886436	0.00338268	0.000833236	0.0365438	0.158689	0.0030831	0.128837	0.00575146	0.0147922	0.0152636	0.00529748	0.181309	0.00520257	0.113931	0.0275675	0.0113626	0.00425116	0.00278362	0.0308817
160	F	2.54594	0.0512483	0.0184882	0.00911234	0.0068444	0.590744	0.0127929	0.0517595	0.00866662	0.0132885	0.00864588	0.0498664	0.00711764	0.0231461	0.00586131	0.0189009	0.0285412	0.00756989	0.00846104	0.0652546	0.00763642	0.00605341
161	Y	2.16171	0.00252311	0.0111744	0.0186261	0.00548236	0.0552442	0.00320945	0.0111116	0.00721139	0.00803912	0.0138907	0.00962102	0.0112397	0.0162301	0.0578814	0.00825502	0.00833662	0.0467827	0.00535629	0.00858233	0.670115	0.0210877
162	R	2.88656	0.00404394	0.0295446	0.00560012	0.0347013	0.00329096	0.0147498	0.0399489	0.00497685	0.269828	0.00271851	0.00935452	0.00356806	0.00896478	0.0225965	0.262502	0.223879	0.0291997	0.00250777	0.0151827	0.00920405	0.00363822
163	N	1.83912	0.00646822	0.00667831	0.012855	0.0177864	0.00801555	0.00718579	0.056597	0.00791186	0.0170476	0.00225332	0.0118845	0.737411	0.00548993	0.00761764	0.00187139	0.0120835	0.0282219	0.00468253	0.0273574	0.0162145	0.00436713
164	L	2.53498	0.00172882	0.0338566	0.00506499	0.00416425	0.0166482	0.00214418	0.00234087	0.0426172	0.00540342	0.364622	0.322038	0.00303649	0.0121123	0.00356859	0.00546856	0.00772382	0.00639804	0.130156	0.0183121	0.00889429	0.00370131
165	L	3.27273	0.0811363	0.0263223	0.00841427	0.0412456	0.00984014	0.0112404	0.0398447	0.038751	0.00895326	0.361044	0.0109333	0.0546182	0.0024665	0.0171632	0.00802585	0.0292967	0.00382373	0.0881235	0.0100368	0.138554	0.010166
166	W	2.13077	0.0103994	0.0177768	0.0140613	0.0126165	0.0468022	0.00711471	0.00860851	0.00444674	0.00814484	0.00439944	0.0309683	0.020296	0.0135179	0.010906	0.0109191	0.0516611	0.00342192	0.00761545	0.686197	0.00988329	0.0202437
167	L	2.267	0.0139382	0.00529507	0.00337212	0.00337483	0.00212262	0.00111144	0.00253025	0.231385	0.00367264	0.263242	0.0037162	0.00864008	0.0166755	0.00426381	0.00319073	0.000759232	0.00936907	0.399143	0.0155897	0.00419981	0.0044087
168	T	3.18357	0.00266368	0.058993	0.027271	0.0247217	0.021506	0.0626429	0.00544289	0.00215338	0.0094274	0.261117	0.023426	0.0135502	0.00131313	0.0986713	0.00911442	0.0361662	0.274956	0.00329866	0.00637347	0.0476022	0.00958883
169	K	3.53682	0.0800491	0.0486642	0.00523157	0.0264226	0.0398573	0.209475	0.00831604	0.0350723	0.0996492	0.0193419	0.00762377	0.0427163	0.00317174	0.00710785	0.0468093	0.0506468	0.0626249	0.199738	0.00344287	0.00188188	0.00215749
170	K	3.96149	0.046604	0.0152998	0.034161	0.0382988	0.104396	0.0316479	0.0344596	0.021769	0.0996426	0.0304829	0.158577	0.0175462	0.00177879	0.0494709	0.101601	0.0479915	0.0673007	0.0329325	0.00569253	0.0520767	0.00827137
171	G	3.6302	0.143696	0.00278754	0.0731469	0.0024528	0.0430807	0.113552	0.010408	0.00181657	0.015875	0.133875	0.0200144	0.0854423	0.000661726	0.0254216	0.00549538	0.139457	0.0578302	0.028167	0.00899614	0.0796356	0.00818795
172	D	3.72035	0.0671477	0.0191984	0.23878	0.0446371	0.00702655	0.0373383	0.0316977	0.0344536	0.011462	0.0276564	0.0114795	0.0638085	0.070242	0.0719982	0.00213403	0.140039	0.014605	0.0622638	0.012684	0.00765824	0.0236899
173	S	3.67586	0.0394041	0.00475442	0.00118239	0.0256682	0.179514	0.0390071	0.007841	0.0264932	0.00428284	0.0189322	0.0255047	0.059834	0.0202821	0.0250094	0.0110749	0.0957924	0.141468	0.0525475	0.15329	0.0639607	0.00415669
174	Y	2.57917	0.00487223	0.00883596	0.0226023	0.0208968	0.0704876	0.00465966	0.00844049	0.0160554	0.00639597	0.0105174	0.0485303	0.0106284	0.00271199	0.0041967	0.00194497	0.00603033	0.0110281	0.00393834	0.404834	0.313004	0.0193895
175	P	3.6703	0.0192569	0.0120873	0.0283966	0.0165137	0.0199514	0.077719	0.0521507	0.0117271	0.0448262	0.069892	0.126592	0.0557154	0.0395847	0.0011499	0.0655027	0.20556	0.010083	0.01257	0.0010272	0.129322	0.00037217
176	K	3.67795	0.0195135	0.0229656	0.00235149	0.0074628	0.108738	0.0472177	0.214337	0.010275	0.0735305	0.136323	0.0416814	0.00828251	0.109051	0.0568244	0.0199915	0.0248763	0.0255157	0.0234584	0.00652381	0.035425	0.00565553
177	L	3.18434	0.180169	0.0138754	0.00297777	0.00262205	0.00427122	0.00972173	0.0116728	0.170575	0.00328633	0.167906	0.00206019	0.0125213	0.00217244	0.00742524	0.00167218	0.0543956	0.161238	0.134152	0.0217666	0.030839	0.00468064
