#SITE	WT_AA	SITE_ENTROPY	PI_A	PI_C	PI_D	PI_E	PI_F	PI_G	PI_H	PI_I	PI_K	PI_L	PI_M	PI_N	PI_P	PI_Q	PI_R	PI_S	PI_T	PI_V	PI_W	PI_Y	PI_*
2	K	3.79255	0.00908457	0.0560451	0.00169932	0.0151544	0.126508	0.0416709	0.0124783	0.198998	0.0605924	0.085381	0.0119925	0.0346286	0.0406017	0.0507543	0.0224252	0.0595198	0.0851619	0.0648998	0.00761405	0.00950025	0.00528952
3	A	2.83066	0.0433705	0.0333083	0.0310204	0.000763221	0.0875947	0.00840383	0.001093	0.0198602	0.00816003	0.477241	0.00171205	0.0240615	0.00130462	0.012443	0.00245031	0.0268049	0.021089	0.135683	0.0316959	0.0201209	0.0118196
4	K	3.8363	0.0467404	0.0267066	0.00817815	0.00714792	0.00236658	0.00467328	0.119822	0.0340368	0.0506953	0.0985103	0.0129205	0.00801998	0.0710621	0.0962884	0.123146	0.0345355	0.0176717	0.0539604	0.100865	0.0810742	0.00157943
5	L	3.11519	0.120003	0.00829123	0.0492501	0.00281213	0.372293	0.00456586	0.0959393	0.0827176	0.00468524	0.11268	0.0330782	0.00979965	0.0184302	0.00639381	0.00465281	0.0222847	0.00768599	0.00932933	0.00873344	0.00558625	0.0207873
6	L	2.1533	0.0103527	0.0246232	0.00033596	0.00285127	0.0125999	0.000540934	0.00513222	0.267637	0.00371941	0.0421953	0.0244932	0.000840477	0.021202	0.00252619	0.00185664	0.0169028	0.0170714	0.00137641	0.532991	0.00927411	0.00147771
7	V	3.44703	0.0296955	0.0952749	0.00897637	0.0303976	0.142876	0.0214152	0.0039014	0.235441	0.00200295	0.0947765	0.0525644	0.0333158	0.0014712	0.00365844	0.000928684	0.00360587	0.0391821	0.0677842	0.119686	0.00620878	0.00683775
8	L	3.66105	0.0124944	0.0126335	0.00964121	0.00611137	0.0554969	0.0131354	0.0249711	0.0637374	0.0248432	0.184246	0.0498576	0.0109833	0.0251419	0.0130348	0.0256944	0.195133	0.0770402	0.00957469	0.015292	0.0410937	0.129845
9	L	2.88383	0.000240432	0.183086	0.00636881	0.00248671	0.00270025	0.0560868	0.00146811	0.0144921	0.0102503	0.0537721	0.288826	0.0569759	0.00230228	0.00152784	0.00673366	0.0053578	0.00399693	0.0624366	0.000731072	0.231973	0.00818835
10	Y	3.25795	0.00664518	0.039202	0.00148113	0.00587806	0.0142698	0.0133803	0.00662644	0.129267	0.371336	0.042706	0.00957541	0.00778168	0.0130028	0.0333838	0.019622	0.0427305	0.0337472	0.0124328	0.0317146	0.0479867	0.117231
11	A	3.37359	0.0421366	0.0166391	0.0103194	5.94316e-05	0.208291	0.00863372	0.00113889	0.0360904	0.0261226	0.25755	0.024341	0.00675018	0.0141293	0.00427077	0.00841421	0.0297343	0.123018	0.0178816	0.0423165	0.0386453	0.083518
12	F	2.88884	0.0389165	0.0568357	0.000895084	0.0053603	0.0383998	0.470007	0.00189981	0.0875453	0.0107354	0.0438561	0.0231224	0.00711781	0.000807049	0.034402	0.00283835	0.0990189	0.00437719	0.0196793	0.000326254	0.0290632	0.0247963
13	V	2.94713	0.106857	0.0317331	0.0384428	0.468232	0.0293197	0.00394567	0.0048877	0.0860131	0.00251305	0.00526814	0.00556501	0.0213073	0.0196735	0.039214	0.0123387	0.00742302	0.00645922	0.0602575	0.00695061	0.0240525	0.0195456
14	A	3.80103	0.269586	0.0345355	0.0174627	0.122397	0.0576764	0.0135866	0.0349728	0.0258695	0.0305278	0.0249819	0.0730459	0.0252227	0.0500618	0.0258959	0.0165662	0.0199188	0.0271336	0.00875935	0.0406374	0.0376167	0.0435458
15	T	2.70739	0.0227115	0.253836	0.00255472	0.00590347	0.00438091	0.005361	0.00194191	0.237616	0.00763023	0.00562244	0.0183966	0.0207125	0.292118	0.00644765	0.00174537	0.00650647	0.0765187	0.016686	0.00741779	0.00277227	0.00312146
16	D	3.86081	0.0592891	0.0470296	0.20925	0.0216877	0.0253008	0.0123989	0.0429404	0.0327709	0.0398449	0.00437107	0.0392172	0.00630555	0.00436188	0.0536078	0.0665893	0.0371607	0.0687542	0.144471	0.0267546	0.0313001	0.0265938
17	A	3.30686	0.286205	0.0180996	0.158523	0.00465103	0.00979843	0.00601217	0.0805105	0.0104351	0.0271258	0.00479083	0.0238546	0.0149139	0.00553139	0.0535279	0.0126409	0.170679	0.0198156	0.0077167	0.0466117	0.00595432	0.0326027
18	D	3.45312	0.0147948	0.0190749	0.309633	0.0433675	0.0067044	0.12805	0.0199746	0.0109592	0.0113761	0.00579443	0.0464747	0.121174	0.0129602	0.00932584	0.0848608	0.0168508	0.00767229	0.0206645	0.0445535	0.0462838	0.0194511
19	T	2.53857	0.000122814	0.0025457	0.00326147	0.0325521	0.0104429	0.00728775	0.0109612	0.035118	0.0757955	0.556433	0.00794183	0.0100617	0.00048823	0.0180402	0.0720348	0.0117657	0.0339637	0.0834294	0.000145784	0.0205179	0.00709039
20	I	3.26008	0.0117167	0.00196794	0.0789845	0.0882331	0.00711502	0.00637977	0.0078104	0.326624	0.00579811	0.0952106	0.031084	0.0311481	0.00710787	0.138131	0.00334081	0.00725578	0.00316516	0.0617672	0.00405378	0.0439462	0.0391604
21	C	2.94041	0.021229	0.404302	0.0221847	0.00636311	0.0292453	0.00718831	0.00630975	0.00410608	0.00428173	0.0161624	0.0231583	0.0153293	0.0305537	0.00630717	0.0242485	0.0230792	0.0192098	0.0919749	0.22462	0.00873777	0.0114086
22	I	2.8443	0.0601143	0.00955568	0.00988056	0.00147586	0.0151254	0.00081096	0.0121284	0.291133	0.0150675	0.117929	0.00912935	0.00147797	0.000686817	0.00872431	0.00560082	0.00333115	0.0159526	0.0630934	0.0146151	0.319232	0.0249353
23	G	2.76941	0.0217828	0.0347414	0.0188778	0.014079	0.0062889	0.538786	0.0458989	0.0120272	0.0097741	0.0308939	0.0178564	0.0124589	0.090862	0.00773243	0.0200507	0.0646127	0.00280735	0.0169593	0.0145774	0.00692379	0.0120088
24	Y	3.41643	0.0217289	0.0472871	0.0141703	0.0294598	0.0909303	0.00275135	0.00360876	0.0181415	0.060695	0.00714744	0.00389238	0.0049517	0.00547231	0.12825	0.0069435	0.00624392	0.0265694	0.124639	0.176542	0.210047	0.0105278
25	H	3.48758	0.149082	0.0128884	0.00347336	0.00738271	0.0100764	0.0161457	0.200975	0.1522	0.079205	0.0743174	0.00865477	0.0047407	0.0242927	0.0844372	0.00449451	0.0128432	0.0767381	0.058156	0.0103199	0.00673885	0.00283857
26	A	1.66886	0.0664273	0.279172	0.00175493	0.00134316	0.00312906	0.00057003	0.00342085	0.00168111	0.00346653	0.00243804	0.00878769	0.00259925	0.000549348	0.000783942	0.00134729	0.0159748	0.00386731	0.595758	0.00180117	0.00191185	0.00321649
27	N	3.08602	0.0916141	0.00458636	0.0106162	0.00308686	0.200955	0.00811999	0.0369203	0.111735	0.0386439	0.00141158	0.00511832	0.335533	0.00432832	0.0142092	0.00376533	0.0169518	0.00994605	0.00614296	0.0361358	0.0136871	0.0464928
28	N	2.56275	0.00710101	0.00779206	0.0426961	0.00686616	0.0141295	0.0241553	0.0112221	0.00537189	0.0246747	0.0269614	0.0095131	0.605846	0.00913566	0.0164978	0.00762728	0.0462664	0.0271049	0.0167394	0.0268783	0.0220091	0.0414117
29	S	3.30678	0.168609	0.0494765	0.00781587	0.0108071	0.0171353	0.0194325	0.0115422	0.0224223	0.111952	0.0133252	0.0155477	0.0563736	0.00435864	0.0399914	0.00950545	0.342089	0.0218546	0.0184104	0.0189163	0.0335938	0.00684191
30	T	3.27394	0.010849	0.00456875	0.0156988	0.0475096	0.00432887	0.0365188	0.0651066	0.013254	0.0217617	0.0126306	0.0164525	0.0333753	0.0249194	0.0229816	0.0224506	0.0470992	0.386928	0.00190548	0.106381	0.00633582	0.0989439
31	D	3.46716	0.0165065	0.0246128	0.297231	0.0556536	0.00452304	0.0246205	0.0664076	0.018852	0.122197	0.00746831	0.00333169	0.065932	0.012393	0.0411601	0.00508021	0.00578401	0.125442	0.00433271	0.023991	0.0403059	0.0341746
32	T	3.35548	0.0127779	0.0118462	0.00238015	0.110738	0.00643489	0.0234628	0.0255513	0.0105398	0.0319975	0.121768	0.0185974	0.0396912	0.0114167	0.018357	0.0800457	0.0264833	0.324574	0.0102136	0.00406178	0.00847602	0.100586
33	V	2.77798	0.00703981	0.00469763	0.0174238	0.00956645	0.0104291	0.00146956	0.00511233	0.092205	0.215409	0.335114	0.00957985	0.00758687	0.000856446	0.0128516	0.00627165	0.0152118	0.010561	0.204769	0.00291027	0.00462424	0.0263105
34	D	3.02357	0.00812032	0.00730426	0.465437	0.0694728	0.00360255	0.0105725	0.0373479	0.0143475	0.00327743	0.0284518	0.101993	0.028518	0.00260425	0.029659	0.0574287	0.00509705	0.0219872	0.027949	0.0162243	0.0334598	0.0271454
35	T	2.73671	0.0147626	0.00543484	0.00684124	0.00735325	0.0313075	0.00409681	0.0437792	0.0363996	0.0151871	0.00899818	0.021622	0.0243415	0.00835065	0.0924466	0.0050121	0.0202372	0.508548	0.00541122	0.00815766	0.00599296	0.12572
36	I	3.53261	0.0243763	0.104004	0.00327753	0.00723282	0.119844	0.0493945	0.00311171	0.305327	0.0294171	0.0294416	0.0457961	0.0388023	0.0530187	0.0118389	0.0193641	0.0186435	0.0383827	0.00700453	0.0182857	0.0647209	0.0087153
37	L	3.39738	0.0553133	0.157062	0.00721853	0.00467219	0.0888518	0.00806498	0.00175821	0.0168195	0.00348877	0.0877183	0.0126959	0.0265088	0.0198406	0.0117807	0.0792565	0.239495	0.137476	0.000972827	0.00592175	0.0202737	0.0148105
38	E	3.5675	0.0357087	0.00661432	0.0457357	0.275088	0.0125623	0.00879337	0.0247771	0.0302682	0.020346	0.00742436	0.00929293	0.116451	0.00244676	0.0244621	0.0413136	0.0699071	0.0319827	0.0359866	0.147641	0.0129073	0.0402915
39	K	3.40618	0.0279829	0.063538	0.0128772	0.0332955	0.0135036	0.0151897	0.066477	0.0110599	0.325619	0.00687568	0.0395772	0.0545053	0.0106871	0.0166847	0.182536	0.0101226	0.0392662	0.00922336	0.0126389	0.0278821	0.0204583
40	N	3.27828	0.071995	0.0250481	0.0247245	0.0222694	0.00992519	0.0469952	0.03585	0.0147869	0.0436994	0.00786101	0.014571	0.387365	0.00367175	0.0110858	0.140405	0.0248494	0.00395954	0.0549357	0.0195977	0.0111246	0.0252804
41	V	3.57548	0.0170713	0.0207741	0.0201093	0.0236681	0.0135972	0.0173359	0.0150846	0.0846662	0.0213135	0.0327398	0.0462814	0.0822421	0.00669278	0.105736	0.00775234	0.0090493	0.0551091	0.315843	0.0396809	0.0168706	0.0483821
42	A	3.44672	0.120918	0.0422165	0.0279228	0.000445093	0.030895	0.00442117	0.0277769	0.00556764	0.0935708	0.00366799	0.0125667	0.0127924	0.0102321	0.0184842	0.169179	0.000172515	0.0570051	0.258199	0.0426793	0.0294023	0.0318857
43	V	3.76869	0.0130918	0.0356323	0.0309579	0.0368814	0.0323332	0.0260766	0.17347	0.0920511	0.0320633	0.000576065	0.0519335	0.0245098	0.0277209	0.0437488	0.0139695	0.00931787	0.0315123	0.226013	0.0371497	0.0360562	0.0249352
44	T	3.26548	0.0131721	0.00551409	0.0766268	0.0331836	0.118858	0.0239829	0.0255135	0.00782268	0.0267314	0.0979634	0.0324007	0.00137038	0.000429231	0.00721162	0.0106125	0.0322406	0.353613	0.00328176	0.0190165	0.0163134	0.0941423
45	H	3.24265	0.00283701	0.00346504	0.0118006	0.0298883	0.0683526	0.00470327	0.201478	0.0061408	0.00528208	0.0255191	0.163336	0.0139099	0.00228136	0.0478294	0.0165033	0.260429	0.00474072	0.00259738	0.0635086	0.0413668	0.0240309
46	S	3.3992	0.0284254	0.0242375	0.00971853	0.0119344	0.0636848	0.00524741	0.247103	0.028481	0.105019	0.0248193	0.00913557	0.0594241	0.0190935	0.00737901	0.00421413	0.219672	0.015244	0.0132173	0.086441	0.00235775	0.0151507
47	V	3.67429	0.0198705	0.00907412	0.00180059	0.0166673	0.0348427	0.0210227	0.00623943	0.130606	0.137852	0.0197061	0.136181	0.00422729	0.00966162	0.0723681	0.0702898	0.00388112	0.0144466	0.14546	0.0359662	0.0848185	0.0250185
48	N	3.42763	0.00221974	0.00246843	0.0505589	0.0749325	0.025059	0.0062416	0.00864674	0.00945001	0.0431385	0.00556445	0.0111183	0.304473	0.0605476	0.0093972	0.0641842	0.0536439	0.0268287	0.0190346	0.0229642	0.032731	0.166797
49	L	3.02416	0.00759271	0.0219517	0.0121812	0.0659854	0.0345113	0.0180264	0.0245642	0.0580893	0.00859401	0.478247	0.0171727	0.011382	0.092116	0.0164742	0.00393302	0.00700872	0.0162258	0.0170131	0.0238104	0.0157362	0.049384
50	L	2.86718	0.00785825	0.0350537	0.368303	0.00901078	0.00604479	0.0317337	0.0149945	0.00470162	0.0112382	0.303303	0.0145261	0.00353828	0.016707	0.0119695	0.0110677	0.00919359	0.00808632	0.0338116	0.0187729	0.0341996	0.0458851
51	E	3.35245	0.25973	0.0215535	0.00589298	0.11812	0.0558066	0.00943357	0.0179781	0.0100925	0.0058387	0.136986	0.00674004	0.00198192	0.00108706	0.00959957	0.0551493	0.00871807	0.115529	0.0916393	0.00456588	0.00402472	0.0595328
52	D	3.56152	0.165588	0.0215436	0.145034	0.0270728	0.00164506	0.00826197	0.0448535	0.00826667	0.0313438	0.042765	0.0472922	0.0698021	0.0066327	0.00887225	0.00363166	0.062077	0.219977	0.0443999	0.0039196	0.0143022	0.0227192
53	S	2.92127	0.153571	0.00208423	0.00282896	0.414637	0.0347612	0.00600937	0.123026	0.00529175	0.0188312	0.00907932	0.0558973	0.00741629	0.000309195	0.00793019	0.00736514	0.0461635	0.0137368	0.0453492	0.0319093	0.00306893	0.0107333
54	H	3.11958	0.0144561	0.010291	0.0046052	0.0279458	0.00740005	0.00472572	0.140859	0.0110231	0.0126031	0.0123963	0.00440397	0.00399741	0.0562026	0.118679	0.132023	0.0116764	0.0384441	0.0156707	0.0155107	0.351306	0.00578099
55	N	2.3629	0.00677987	0.008455	0.00291539	0.0709753	0.55907	0.0165113	0.00917654	0.00272485	0.010927	0.00120312	0.00650437	0.176845	0.00147033	0.0147831	0.0065486	0.022031	0.0189624	0.00562333	0.0259582	0.00338184	0.0291539
56	G	3.0395	0.0367275	0.00604303	0.00943988	0.048883	0.0139729	0.328058	0.0248452	0.275408	0.0101742	0.00763403	0.0106227	0.0139309	0.00939438	0.0160276	0.00795628	0.00638058	0.103917	0.0240792	0.0173512	0.0169178	0.0122362
57	K	3.67435	0.0409999	0.0161967	0.00367277	0.00417858	0.0281719	0.037137	0.0970056	0.00503405	0.193861	0.0808455	0.0190783	0.0324957	0.00632894	0.048092	0.118066	0.00255788	0.00910059	0.077961	0.0345449	0.0108015	0.13387
58	L	1.69725	0.00164812	0.0149406	0.00150837	0.0141114	0.00133524	0.00227732	0.00202379	0.0517766	0.00947912	0.119993	0.00374558	0.00114331	0.011111	0.010081	0.009122	0.00302397	0.002964	0.00447052	0.00158474	0.0172504	0.71641
59	C	3.25463	0.00752868	0.299734	0.00371893	0.10887	0.00509434	0.0311866	0.00679687	0.0473773	0.0115722	0.027735	0.00944485	0.0541732	0.00696713	0.0606579	0.00652436	0.00459351	0.0138734	0.010949	0.0512443	0.212363	0.0195953
60	K	3.55344	0.0606589	0.000818779	0.00531954	0.0311855	0.0446174	0.00674486	0.099105	0.00403839	0.112618	0.0173827	0.0159408	0.163575	0.000556874	0.0862281	0.0341852	0.129199	0.0228276	0.00591174	0.00414361	0.148951	0.00599256
61	L	2.84101	0.00498557	0.00729652	0.0102412	0.00552913	0.0169901	0.0098466	0.00467451	0.102825	0.0164076	0.225736	0.0111204	0.0108943	0.0111961	0.00391414	0.008408	0.00787599	0.00108113	0.241362	0.00887606	0.0129553	0.277785
62	K	3.47583	0.0293861	0.0025212	0.126358	0.00583123	0.0256092	0.107356	0.134323	0.00214739	0.0810152	0.0157309	0.022394	0.0345401	0.00131893	0.156405	0.0849952	0.0117339	0.00314811	0.00217489	0.00531916	0.145781	0.00191158
63	G	3.49363	0.0110307	0.0188076	0.16271	0.0384848	0.0251097	0.283947	0.115031	0.00945447	0.0464297	0.0119814	0.0266838	0.0388038	0.00579004	0.0108292	0.0392089	0.0680532	0.00625645	0.0108915	0.0158582	0.00701869	0.0476202
64	I	3.29236	0.00332541	0.0499168	0.00231787	0.00377212	0.0249842	0.0136439	0.0618883	0.0805405	0.165223	0.0890838	0.0625264	0.0273499	0.00150313	0.000697495	0.0116633	0.0205882	0.0282374	0.307003	0.00193695	0.0022231	0.0415747
65	A	3.76453	0.0798679	0.0131682	0.00529062	0.143682	0.0720598	0.0246396	0.00421376	0.00164536	0.0805954	0.0298248	0.153413	0.0702249	0.051536	0.131684	0.0149815	0.041261	0.0197266	0.00873483	0.0140977	0.0197775	0.0195765
66	P	2.90308	0.106038	0.0219441	0.00870257	0.0165631	0.0172378	0.0313948	0.0186708	0.00748222	0.0267747	0.00924973	0.0386088	0.00908993	0.349511	0.00772587	0.00626489	0.00500327	0.00665441	0.00712839	0.0128484	0.00768036	0.285427
67	L	3.26691	0.00627831	0.0113698	0.00704098	0.0106555	0.0124541	0.00781602	0.0299385	0.0189642	0.0104311	0.372546	0.043422	0.0120545	0.034151	0.0198295	0.0333769	0.0129779	0.0313081	0.141947	0.10584	0.0137017	0.0638963
68	Q	3.90875	0.0105795	0.00303379	0.192286	0.0293413	0.03363	0.0460839	0.0126289	0.0377362	0.0104448	0.0784829	0.0111778	0.0222432	0.0174624	0.0879071	0.0230657	0.0935951	0.0571592	0.0488798	0.0738527	0.0788275	0.0315822
69	L	3.03344	0.0035719	0.00497145	0.0219424	0.0149891	0.0144732	0.0263336	0.00939238	0.0596214	0.00517921	0.37159	0.0267316	0.0273661	0.0043613	0.00485328	0.247971	0.0526375	0.0139934	0.0184558	0.0228897	0.0190505	0.0296256
70	G	3.65047	0.0222925	0.0119324	0.0096842	0.121714	0.0412162	0.180772	0.162864	0.00424833	0.0875039	0.0597899	0.0344813	0.025149	0.000794819	0.0767697	0.0362248	0.0627995	0.0354815	0.00416666	0.00572506	0.00233105	0.014059
71	K	3.02345	0.0482845	0.00360827	0.00778036	0.0120933	0.00222267	0.0546472	0.00229908	0.170138	0.0611577	0.0234526	0.0706821	0.0166532	0.384631	0.0270024	0.00486929	0.0027903	0.0841859	0.00442483	0.00458531	0.00762348	0.00686891
72	C	2.33795	0.0107513	0.274651	0.00749117	0.00329672	0.0184944	0.00998251	0.00579543	0.00270371	0.0314947	0.00531748	0.0209671	0.00974864	0.00674158	0.0137777	0.00519526	0.00967622	0.00404981	0.0115363	0.0157717	0.0224676	0.51009
73	N	3.51933	0.00241821	0.0190964	0.0780022	0.0500413	0.00647285	0.0479696	0.03294	0.00515049	0.00605629	0.00611353	0.0979473	0.147669	0.0114916	0.00706026	0.0277864	0.183865	0.170766	0.00646744	0.0118544	0.00659403	0.074237
74	I	3.15977	0.00932455	0.0344266	0.00123449	0.00201945	0.128705	0.00813165	0.0246752	0.197522	0.00533814	0.0954989	0.0161303	0.00920678	0.284358	0.0137195	0.00429233	0.00404224	0.0367961	0.0983443	0.00534884	0.00614877	0.0147371
75	T	3.7172	0.017639	0.178887	0.00547294	0.0164995	0.0107052	0.0251323	0.0253089	0.100531	0.0344865	0.107094	0.0118837	0.0233032	0.0650694	0.0261037	0.0392745	0.0615829	0.17798	0.0475613	0.00208445	0.013611	0.0097893
76	G	2.9759	0.111256	0.0100947	0.0133757	0.0304388	0.00597284	0.469363	0.0108941	0.00847034	0.0821347	0.045445	0.0331657	0.00595473	0.00769138	0.00807675	0.00700021	0.0309037	0.0122031	0.0202578	0.023061	0.0107155	0.0535254
77	W	3.17516	0.0078921	0.0666835	0.0149241	0.0161088	0.0287431	0.0325563	0.0414444	0.0391215	0.00605865	0.0428019	0.0192711	0.0282744	0.00779378	0.0132496	0.00929532	0.0165823	0.00341193	0.0411053	0.450202	0.038743	0.0757369
78	L	2.84259	0.0250364	0.00561052	0.00646103	0.00859508	0.043862	0.0360767	0.0116752	0.00627186	0.0148462	0.412465	0.187277	0.0184149	0.00986695	0.0137944	0.00674199	0.017931	0.00428077	0.150581	0.00694472	0.0080625	0.00520415
79	L	3.11358	0.0145434	0.00920443	0.00417202	0.0274509	0.0197791	0.00196588	0.0071234	0.0479197	0.0057397	0.43134	0.0199982	0.101796	0.00690949	0.0106324	0.0834355	0.00695282	0.0552274	0.0476964	0.0356863	0.0169439	0.045483
80	G	2.43067	0.0516136	0.0135982	0.00381957	0.0139166	0.0190915	0.623889	0.01622	0.00364301	0.0100994	0.00531513	0.0182877	0.00508928	0.0114494	0.0249004	0.00602889	0.0135009	0.00711949	0.0382073	0.0388677	0.0252768	0.0500656
81	N	3.16212	0.0372609	0.031454	0.0383825	0.0284903	0.0062323	0.0158441	0.0468046	0.0278427	0.0427015	0.0427167	0.00683708	0.459093	0.00193338	0.00881928	0.0231163	0.0781475	0.0340876	0.0307842	0.0161523	0.0107536	0.0125463
82	P	2.85872	0.0330871	0.00595397	0.0602819	0.0869824	0.0128853	0.0324478	0.006357	0.0187236	0.0558974	0.0110679	0.0535793	0.00974978	0.514225	0.00889485	0.0210678	0.0143645	0.0152452	0.00575845	0.0123334	0.00834314	0.0127536
83	E	3.87178	0.162596	0.023993	0.0170643	0.13952	0.0467229	0.0423471	0.0214746	0.0245242	0.00905068	0.0455826	0.0697064	0.103258	0.00200004	0.0243902	0.0100925	0.0729543	0.0241271	0.0467786	0.00599491	0.0844387	0.0233843
84	C	2.95817	0.0174183	0.458039	0.0070915	0.0269317	0.0531681	0.00742725	0.00763158	0.0078789	0.0263841	0.00275829	0.0366856	0.0134872	0.00689721	0.0238619	0.135221	0.00382117	0.0176782	0.0853682	0.0327806	0.00875164	0.0207181
85	D	3.48639	0.0467223	0.0378353	0.295114	0.144335	0.0280801	0.0300473	0.026451	0.0080655	0.00715473	0.0548318	0.00409276	0.0244508	0.00724923	0.0537402	0.00889689	0.0279052	0.120756	0.00853322	0.0102042	0.0470881	0.00844649
86	S	3.33557	0.00625601	0.000944359	0.214916	0.237773	0.0217757	0.0300973	0.00526053	0.00317663	0.0115023	0.0768656	0.023839	0.0307564	0.00567976	0.0208731	0.0771627	0.0349546	0.042948	0.129152	9.74334e-05	0.0255681	0.000401151
87	L	3.28297	0.0251896	0.0214424	0.0489446	0.00639128	0.00386308	0.00615093	0.0687106	0.115028	0.00721765	0.38461	0.0222528	0.00884878	0.00530163	0.0485309	0.037104	0.0250209	0.0680557	0.0304173	0.00813418	0.00695826	0.0518274
88	L	3.61633	0.0316341	0.00281624	0.00435096	0.035504	0.0352146	0.017813	0.0456448	0.176539	0.148664	0.223882	0.0317247	0.0128271	0.00892756	0.0265109	0.011298	0.0365368	0.0339207	0.0142914	0.0446227	0.0126805	0.0445972
89	P	3.87569	0.0244377	0.000767665	0.0853435	0.0064434	0.00639968	0.0816879	0.0595664	0.0466314	0.0600464	0.139883	0.0642942	0.129253	0.064914	0.00755464	0.0434508	0.0211848	0.0469892	0.0394737	0.00036829	0.0655552	0.0057547
90	A	3.83695	0.0766019	0.0341916	0.0179129	0.0726254	0.0534221	0.0412488	0.0342975	0.1454	0.189216	0.0943524	0.00148623	0.0105036	0.0175837	0.0359159	0.0150539	0.0235869	0.0585151	0.0178763	0.0346063	0.0184709	0.00713192
91	R	3.85772	0.0297502	0.00582293	0.029226	0.0234018	0.00321982	0.00766555	0.0656027	0.0655138	0.00747409	0.129706	0.10223	0.0448781	0.0137415	0.0482421	0.148601	0.0286647	0.0392314	0.0899738	0.0212442	0.0904243	0.00538642
92	S	3.54231	0.00649693	0.0138921	0.0132392	0.0578487	0.0847913	0.00323233	0.231096	0.0660982	0.0915125	0.0772459	0.00720741	0.0164607	0.0707424	0.136012	0.00539898	0.0792315	0.00991012	0.0080851	0.00218674	0.00900514	0.0103069
93	W	2.4431	0.0034853	0.410196	0.278818	0.00482653	0.0101953	0.0131872	0.00290815	0.00365108	0.0163357	0.00644702	0.0144021	0.0205962	0.00579168	0.00324824	0.00314877	0.00500123	0.00199661	0.00707535	0.164436	0.010809	0.0134443
94	S	2.72533	0.014664	0.027363	0.0256392	0.010129	0.00858359	0.224381	0.00268375	0.00399866	0.00567081	0.00609388	0.010925	0.00597427	0.0118921	0.0397077	0.00462324	0.350459	0.00348691	0.00971834	0.0094774	0.00309082	0.221439
95	Y	2.40873	0.016904	0.00564176	0.013448	0.00492945	0.00868936	0.0242052	0.0179863	0.00251244	0.00749474	0.00962706	0.00821379	0.00273776	0.00493757	0.0510068	0.00831567	0.0135209	0.0200166	0.00349603	0.00650888	0.447263	0.322544
96	I	3.06025	0.0064727	0.0879155	0.00406559	0.00632412	0.00646843	0.0109283	0.0095771	0.272188	0.0116332	0.0516699	0.0279237	0.0119217	0.00684926	0.00430743	0.0153138	0.0652623	0.00636135	0.309308	0.0541836	0.0119559	0.0193707
97	V	2.56754	0.0326868	0.0217603	0.00539101	0.00721684	0.00343679	0.00876595	0.00780078	0.489077	0.00654196	0.056471	0.0107566	0.0301211	0.00421048	0.0278844	0.00186168	0.00385248	0.0300701	0.225401	0.0114171	0.00747808	0.00779885
98	E	3.30914	0.00973859	0.0164636	0.0294137	0.340542	0.13772	0.00322753	0.0131031	0.0957815	0.0101068	0.01868	0.0229586	0.0150072	0.00483437	0.00688033	0.00590208	0.0540835	0.0430864	0.0807928	0.0109061	0.00870309	0.0720695
99	T	3.69415	0.0955392	0.01396	0.26111	0.0320557	0.0137668	0.0922178	0.0287427	0.0071846	0.021635	0.0409983	0.00694032	0.00988216	0.0367066	0.0279449	0.0508096	0.0752376	0.0971215	0.0520689	0.00697676	0.014829	0.0142721
100	P	3.77632	0.125243	0.00502328	0.0381662	0.061169	0.121146	0.0541357	0.0335668	0.145919	0.0496532	0.0445274	0.026384	0.0362065	0.10583	0.00685373	0.0971375	0.00882452	0.0115351	0.00585573	0.00208682	0.01792	0.0028172
101	N	3.23979	0.0212757	0.0151687	0.30246	0.000692505	0.0871616	0.232736	0.0132903	0.0155927	0.017691	0.0711816	0.0118007	0.0509646	0.00593056	0.03128	0.0294046	0.0371486	0.0164435	0.00432194	0.00222599	0.0288085	0.00442135
102	S	3.38761	0.0351509	0.0051784	0.00830215	0.0401516	0.00644775	0.25431	0.0205583	0.0145983	0.00535861	0.00335152	0.0231771	0.0308163	0.147965	0.104607	0.00381489	0.160202	0.070549	0.020578	0.0302183	0.000526886	0.0141373
103	E	3.77884	0.0386948	0.00358457	0.00941574	0.183592	0.0161858	0.0682279	0.0284164	0.00239165	0.0423064	0.0365923	0.158053	0.0073877	0.101433	0.017057	0.0225726	0.0656901	0.0331652	0.054742	0.00510765	0.0691307	0.0362539
104	N	3.31904	0.0187326	0.0430183	0.00209147	0.195675	0.0576968	0.0102424	0.32439	0.00254784	0.0122187	0.0262697	0.014671	0.0680078	0.00235825	0.0301148	0.0116929	0.0313599	0.0202197	0.0535806	0.0459129	0.0250954	0.00410366
105	G	3.11143	0.076154	0.0166108	0.0194909	0.0212328	0.00343856	0.370363	0.0172256	0.0102022	0.168219	0.00414668	0.0463946	0.0152253	0.0161142	0.00669217	0.0107224	0.119902	0.00124264	0.0192664	0.0146566	0.0059021	0.0367976
106	A	2.9911	0.202574	0.0135882	0.00350536	0.139951	0.0571083	0.01408	0.0113875	0.0168673	0.00419992	0.260444	0.00313924	0.00394454	0.180574	0.0034259	0.005512	0.057536	0.00693297	0.00492187	0.005112	0.00338595	0.00181018
107	C	2.27331	0.00984075	0.350993	0.00228292	0.00690516	0.0118341	0.0027939	0.0107141	0.00800973	0.0090909	0.00716007	0.0349933	0.00443668	0.00524276	0.00382077	0.00718723	0.0161944	0.0113768	0.00442422	0.038054	0.00559663	0.449048
108	Y	2.89405	0.026107	0.00702566	0.00647762	0.0175125	0.0453442	0.0425128	0.0162021	0.0279527	0.0138113	0.00509926	0.00679129	0.00595858	0.00945393	0.0121863	0.0156149	0.00291133	0.0240269	0.0624413	0.02048	0.46147	0.17062
109	P	2.27821	0.00546919	0.0117219	0.00544332	0.00472931	0.00706965	0.00792372	0.00841577	0.00381286	0.00645162	0.00434584	0.0167059	0.00463728	0.513775	0.00754022	0.00816273	0.00998611	0.00928677	0.267341	0.022887	0.0058962	0.0683993
110	G	3.15163	0.0335726	0.0308187	0.0130136	0.0591049	0.0536666	0.464638	0.012008	0.00809496	0.0222276	0.00339156	0.026744	0.0150973	0.0248218	0.0123216	0.0215769	0.00370701	0.0255536	0.0206192	0.0520733	0.0466462	0.0503025
111	D	3.44608	0.290024	0.00710647	0.0715809	0.0244214	0.00211395	0.13961	0.00405025	0.037924	0.00836135	0.0264331	0.0955323	0.0255608	0.0532237	0.0122203	0.0270941	0.0239872	0.0891055	0.00772172	0.0013442	0.049139	0.00344532
112	L	2.5767	0.00196632	0.00653187	0.00702394	0.00147362	0.0397376	0.000262371	0.00162528	0.300053	0.000868632	0.072691	0.301645	0.0044798	0.00222372	0.000896054	0.00161999	0.00555032	0.0470001	0.0194625	0.181142	0.000997695	0.00275007
113	I	2.97031	0.017727	0.0028334	0.00399688	0.00934969	0.00127761	0.0133182	0.23952	0.0415088	0.0578863	0.0111276	0.0338696	0.0347519	0.000280338	0.252836	0.00410299	0.0236344	0.224731	0.00434459	0.00256026	0.0194875	0.000856254
114	D	3.69535	0.084455	0.00975063	0.204469	0.0778319	0.0306204	0.0222661	0.147366	0.00168655	0.0166129	0.0278806	0.0824496	0.0896454	0.0163833	0.0415538	0.0110093	0.0670917	0.016336	0.0058737	0.0271876	0.0171233	0.00240674
115	Y	3.65915	0.0229639	0.00665435	0.00763751	0.0151122	0.00244114	0.0364297	0.0261072	0.0786053	0.0143239	0.139096	0.0234129	0.034308	0.0650504	0.107411	0.00676548	0.1806	0.0534528	0.00751375	0.0159089	0.146265	0.00994028
116	E	3.30332	0.0232892	0.00509318	0.0151075	0.170911	0.0198239	0.0765666	0.00903449	0.00186631	0.00843053	0.00650671	0.0198614	0.00153713	0.246853	0.199502	0.0092374	0.0627776	0.0142374	0.00446778	0.0359189	0.0347583	0.0342192
117	E	2.76514	0.0444466	0.00885818	0.0594999	0.539846	0.0165113	0.00509386	0.00827224	0.0223269	0.0874666	0.00788269	0.0333634	0.0186698	0.0129812	0.0182591	0.00831948	0.0111979	0.0121193	0.0105651	0.0499601	0.00902417	0.0153357
118	L	2.68966	0.0039594	0.00950645	0.00886782	0.00736995	0.0494017	0.0110979	0.0100068	0.0562951	0.00997244	0.561356	0.0522115	0.0103951	0.0138287	0.0533789	0.0127611	0.00685632	0.0157128	0.0438522	0.0323378	0.00639021	0.0244419
119	R	3.32684	0.0117608	0.00905608	0.00774239	0.0173586	0.059	0.00655083	0.0181502	0.0697246	0.011299	0.0228848	0.0070087	0.0346045	0.0195171	0.018072	0.393338	0.0241615	0.0873402	0.0324226	0.0464828	0.0850064	0.0185194
120	E	2.9929	0.0321106	0.0166588	0.0517163	0.397943	0.0189284	0.00689472	0.0148877	0.00749088	0.24451	0.00987208	0.0226111	0.0199983	0.00384471	0.0184754	0.0197957	0.0176741	0.0191508	0.0120979	0.0363474	0.0210322	0.00796005
121	Q	3.1876	0.0219367	0.0072026	0.00547271	0.0116312	0.0133112	0.00689005	0.203713	0.00555222	0.0058818	0.0182886	0.0127957	0.0161892	0.00276624	0.293636	0.131683	0.043134	0.116804	0.0363529	0.0134627	0.00763615	0.02566
122	L	2.9042	0.0240315	0.00856915	0.0104377	0.0121909	0.0384302	0.00363968	0.0300514	0.200973	0.0252864	0.446203	0.0313174	0.00723389	0.00509383	0.0311933	0.00947122	0.00701357	0.0153649	0.0493371	0.016245	0.00855468	0.0193625
123	S	3.20364	0.00342955	0.0355294	0.00370505	0.0180041	0.186471	0.330515	0.0534868	0.014474	0.014211	0.00974204	0.037458	0.105911	0.00309598	0.0187259	0.00992535	0.0804357	0.0104123	0.0389025	0.00370254	0.0196987	0.0021642
124	S	3.71246	0.0979479	0.0148679	0.0374467	0.0197131	0.062548	0.0688176	0.0595147	0.148006	0.00419164	0.0195658	0.0072145	0.00344357	0.00787365	0.0523255	0.0590994	0.175873	0.0219958	0.0238576	0.00630437	0.108098	0.00129569
125	V	3.06209	0.00705501	0.0842819	0.00302828	0.00658047	0.0449945	0.0281929	0.0157692	0.378438	0.00574226	0.00681445	0.0251207	0.0098758	0.00293438	0.00651243	0.00127673	0.0813418	0.0446063	0.178897	0.0433107	0.00761464	0.017612
126	S	3.51267	0.0234367	0.0141489	0.00791292	0.0835302	0.102203	0.00128791	0.00372701	0.00987425	0.0549316	0.147589	0.0096677	0.0270075	0.00398149	0.0380558	0.186479	0.0705493	0.165466	0.0247486	0.009035	0.0156495	0.00071908
127	S	2.84535	0.0430757	0.00411698	0.163647	0.0534679	0.0153082	0.0435967	0.00176247	0.00121137	0.0150347	0.0078346	0.00665699	0.00297405	0.00200433	0.440484	0.0468464	0.0914655	0.0214099	0.0182723	0.00379926	0.0139765	0.00305568
128	L	3.08717	0.357859	0.00439606	0.00122701	0.00106058	0.0198418	0.00536089	0.00693509	0.012813	0.00651684	0.0891073	0.118097	0.00141665	0.00208046	0.043515	0.000749745	0.0182537	0.112682	0.0902639	0.0405173	0.0593357	0.00797108
129	E	3.25588	0.0146608	0.00625474	0.00767408	0.24564	0.00642265	0.0111274	0.0835608	0.0192192	0.00812896	0.0148689	0.262895	0.0173022	0.0383485	0.0105581	0.00909712	0.0662611	0.118343	0.028036	0.00907932	0.00965916	0.0128627
130	R	3.04087	0.0141035	0.0292548	0.0192434	0.026356	0.01653	0.0131935	0.0529128	0.043635	0.0375304	0.0188109	0.0333838	0.0146339	0.0285215	0.0169578	0.511241	0.00752795	0.0376669	0.0172082	0.0199672	0.0191381	0.0221833
131	F	3.27876	0.0155391	0.0118456	0.0216451	0.0410824	0.40292	0.0831632	0.0278643	0.0287339	0.0252699	0.0183218	0.0220942	0.0163136	0.00688796	0.0185191	0.00907457	0.00657195	0.0186433	0.122058	0.0431161	0.0490532	0.0112831
132	E	3.30392	0.0272537	0.0478812	0.131068	0.382874	0.0144129	0.0107654	0.0122669	0.00891404	0.0203187	0.0140737	0.0298375	0.0126125	0.00855615	0.043759	0.00917877	0.0748723	0.0199957	0.0170221	0.0272013	0.011717	0.0754192
133	I	3.2784	0.015029	0.0368046	0.0218534	0.00975442	0.0116199	0.0183912	0.0157204	0.301864	0.0168352	0.0563253	0.260101	0.0172842	0.008197	0.0104742	0.00775963	0.00605547	0.018036	0.0598165	0.0362696	0.0375756	0.0342331
134	F	2.62745	0.0125459	0.0184844	0.0175036	0.0230015	0.440579	0.00639184	0.0135561	0.0255564	0.0166261	0.00757777	0.0196594	0.0114914	0.004608	0.0151522	0.00937172	0.00825375	0.0065168	0.0126444	0.0179873	0.297432	0.0150601
135	P	3.44295	0.0154501	0.0178778	0.0234115	0.032092	0.00386461	0.0200706	0.0109854	0.0186846	0.29586	0.00295855	0.00658668	0.0548943	0.118451	0.0912757	0.103175	0.0954443	0.00809029	0.0474236	0.00491488	0.0201268	0.00836244
136	K	3.67762	0.00818888	0.00638647	0.0283029	0.0275873	0.0822462	0.047269	0.0133316	0.0131456	0.101618	0.113249	0.0161999	0.00762213	0.0149553	0.0241505	0.0492708	0.0483305	0.0517838	0.150966	0.000898761	0.19054	0.00395636
137	E	3.47994	0.0716371	0.00383512	0.209147	0.0950125	0.0364249	0.0257949	0.020333	0.019113	0.000847838	0.0367695	0.113932	0.209105	0.00750291	0.015831	0.00359967	0.0590126	0.00870248	0.0103578	0.00259164	0.0278954	0.0225545
138	S	3.50211	0.0238474	0.000125004	0.0173454	0.0464794	0.0434628	0.255711	0.0105838	0.12729	0.0212312	0.0399736	0.165984	0.0143818	0.0158782	0.0358433	0.0125995	0.0660299	0.0096039	0.0697329	0.016413	0.00335988	0.0041235
139	S	3.59687	0.0625194	0.0249887	0.0165671	0.0100272	0.0606477	0.0640548	0.00253199	0.0124181	0.0131143	0.0134663	0.0722582	0.00150127	0.00071309	0.101489	0.0149393	0.111868	0.229259	0.0693461	0.0963473	0.0201128	0.00182966
140	W	2.80466	0.0103726	0.027559	0.00368632	0.0049223	0.284936	0.00651848	0.019093	0.011188	0.00236498	0.043429	0.0273673	0.0029585	0.0040512	0.00262748	0.00309195	0.00409418	0.00451835	0.0454175	0.352407	0.100105	0.0392917
141	P	3.52391	0.0197622	0.00629979	0.0117583	0.0596314	0.00683765	0.0849004	0.00220856	0.0344218	0.0303866	0.0826216	0.0146817	0.0541313	0.140858	0.284738	0.0513958	0.0490869	0.00903867	0.0226592	0.00432541	0.0237431	0.00651359
142	N	2.28093	0.00390453	0.00696047	0.0131309	0.0445924	0.0128513	0.00666515	0.0284587	0.00320845	0.0133121	0.016756	0.0120164	0.660212	0.0068897	0.0119073	0.0338236	0.0132088	0.0190178	0.0147146	0.0462352	0.024085	0.00804917
143	H	3.06293	0.0222123	0.00320109	0.00602498	0.00684643	0.013093	0.00376823	0.175881	0.0209785	0.00818622	0.0239786	0.0152851	0.0311807	0.00184654	0.0215283	0.0181715	0.0280914	0.10204	0.041926	0.0262929	0.403562	0.0259052
144	T	3.15463	0.0104574	0.00717934	0.0669551	0.0354119	0.0128395	0.251581	0.00797203	0.00521032	0.0288032	0.0399454	0.0250085	0.00367763	0.0106221	0.0365471	0.00809814	0.0897371	0.313031	0.00380093	0.0107592	0.0152741	0.017089
145	F	3.2471	0.0261682	0.0194583	0.035257	0.376263	0.114439	0.00867228	0.00945964	0.0324123	0.00404815	0.010301	0.0368328	0.0660812	0.0115745	0.0251947	0.00789286	0.0112239	0.0166473	0.0108297	0.137825	0.0212483	0.0181707
146	N	3.62596	0.0502228	0.00471282	0.0345477	0.0372959	0.120054	0.0593142	0.0299456	0.013261	0.012106	0.00784855	0.0218784	0.0636785	0.0111395	0.220271	0.0148857	0.0224717	0.0444485	0.0147355	0.0248291	0.187302	0.00505106
147	G	3.29235	0.0712531	0.00951507	0.00589743	0.0556551	0.00732858	0.406908	0.0661875	0.0121865	0.0257983	0.0308498	0.0163846	0.101391	0.0264112	0.026442	0.0296884	0.027139	0.015545	0.0152492	0.0161146	0.00724994	0.0268057
148	V	3.50923	0.0157122	0.00352158	0.00170718	0.0206082	0.00754143	0.0164302	0.0489029	0.0993343	0.0130279	0.00762807	0.0897791	0.0635823	0.00949267	0.0466214	0.202604	0.042453	0.157714	0.138072	0.00367394	0.00599062	0.00560361
149	T	2.2576	0.00261278	0.0487173	0.0050309	0.0107172	0.00278457	0.00577856	0.0152764	0.00398789	0.0266125	0.00338862	0.0202564	0.0254143	0.0101109	0.0080178	0.011284	0.600173	0.159477	0.00246756	0.0148472	0.0207125	0.00233231
150	V	2.90383	0.100242	0.000592146	0.0013666	0.0145853	0.269194	0.00410278	0.000893302	0.0138878	0.0127499	0.0505641	0.00788308	0.0205067	0.00264288	0.102561	0.0095436	0.0480165	0.00626598	0.0221635	0.308627	0.00149693	0.00211449
151	S	2.92426	0.333711	0.0166272	0.0068895	0.0156239	0.01389	0.0210981	0.0132039	0.00614238	0.0280543	0.193547	0.00845262	0.0146369	0.00582608	0.00336412	0.00391946	0.190787	0.0967239	0.00159258	0.00852974	0.0131705	0.00421078
152	C	3.08473	0.0146068	0.442071	0.0171115	0.0135531	0.027618	0.0592057	0.00908107	0.00596128	0.00899464	0.0188501	0.00981417	0.0102352	0.00683537	0.0349922	0.0228101	0.125978	0.0281129	0.00493006	0.0546776	0.0652394	0.0193214
153	S	3.20519	0.0609586	0.000633176	0.0289015	0.00828061	0.00180433	0.125865	0.00792474	0.208313	0.00873014	0.0120116	0.00417097	0.27509	0.0229959	0.0916801	0.0154779	0.0280734	0.0690383	0.0140564	0.0110628	0.00261151	0.00232006
154	H	3.44287	0.278311	0.109063	0.0672574	0.0053796	0.00413155	0.00237251	0.06704	0.0445441	0.0110031	0.0105572	0.0109433	0.00837889	0.0126041	0.0181359	0.00732197	0.0630289	0.150639	0.0152379	0.0643903	0.0412902	0.00837026
155	R	3.29191	0.0787245	0.00204973	0.00126006	0.019023	0.0305845	0.00924019	0.184929	0.00631948	0.0221267	0.0320609	0.0280121	0.00224824	0.00335367	0.107915	0.051485	0.0143439	0.0563167	0.00840118	0.0121405	0.304592	0.0248728
156	G	3.2016	0.222162	0.00369595	0.0828254	0.00195812	0.00133345	0.0490448	0.00782597	0.00165476	0.20164	0.00134809	0.109935	0.0851848	0.000422261	0.0500833	0.0270934	0.121074	0.0195655	0.00460384	0.0059171	0.00143375	0.00119803
157	K	3.69735	0.0104228	0.0278493	0.0059629	0.0655531	0.0129038	0.0170021	0.0148389	0.111703	0.110313	0.0293312	0.21392	0.00533432	0.0216656	0.027441	0.0706	0.0985459	0.0348897	0.0851902	0.0284632	0.00231211	0.00575757
158	S	3.32789	0.0640402	0.00579495	0.00999097	0.00714206	0.00170148	0.00490281	0.0150611	0.0272007	0.0862109	0.0138689	0.0650078	0.00662994	0.107541	0.0323395	0.0255109	0.0795835	0.360995	0.0238664	0.0301517	0.0222217	0.0102384
159	S	2.97716	0.0164352	0.0245207	0.0788954	0.0144596	0.0211559	0.43017	0.013476	0.00552841	0.0263511	0.00661877	0.00932392	0.0311884	0.0050029	0.0944438	0.0131658	0.150476	0.0339866	0.00559711	0.00676455	0.00840951	0.00403008
160	F	2.68093	0.0105412	0.0274127	0.0117052	0.0115172	0.564906	0.00534142	0.0503954	0.00543495	0.0123851	0.0127247	0.0529173	0.0197345	0.0115087	0.0135762	0.00697147	0.0118926	0.0194952	0.0311124	0.012412	0.0824074	0.0256081
161	Y	3.17332	0.0121725	0.00815587	0.0182603	0.124565	0.132495	0.0100841	0.016153	0.0365379	0.00679864	0.0142108	0.016304	0.0339078	0.0124481	0.00335812	0.00211456	0.0256391	0.0268614	0.0198265	0.0988713	0.371811	0.00942529
162	R	3.09656	0.0259009	0.0467017	0.0105361	0.0340572	0.0114226	0.0117708	0.0640537	0.0125327	0.0149955	0.00320281	0.0117894	0.00648878	0.008742	0.0425261	0.460661	0.0842811	0.0610861	0.02329	0.018264	0.0355524	0.0121451
163	N	2.746	0.00392864	0.04353	0.0225083	0.00795561	0.00993098	0.00963774	0.107129	0.00426184	0.0120985	0.00173738	0.00988473	0.515153	0.0194015	0.0290589	0.00517091	0.071047	0.0678397	0.00553012	0.0136543	0.00959214	0.0309493
164	L	2.67682	0.00812746	0.0357411	0.0155923	0.00607749	0.127203	0.0272436	0.00566034	0.0170933	0.0192054	0.541137	0.0261994	0.0203966	0.0149827	0.0145115	0.00859983	0.0580483	0.00505641	0.00673059	0.0299331	0.00722301	0.00523762
165	L	2.98059	0.112043	0.0109265	0.0257527	0.00841855	0.419992	0.0248574	0.0262267	0.0509885	0.0489677	0.158893	0.0186749	0.0154695	0.00160048	0.0115284	0.00289501	0.0182326	0.0124967	0.017123	0.00686627	0.00424174	0.00380579
166	W	2.92395	0.00497144	0.0396524	0.0167122	0.0129675	0.00610036	0.0183718	0.00430103	0.0178248	0.00739923	0.0177984	0.0516405	0.00463103	0.0119609	0.0122767	0.153619	0.0150239	0.0122227	0.00926907	0.40784	0.0091109	0.166306
167	L	2.3434	0.0103066	0.0501314	0.00440349	0.00642198	0.00239522	0.00440145	0.00858947	0.0376744	0.00265168	0.286557	0.00327971	0.00426752	0.0172994	0.00457557	0.0101065	0.00397466	0.015839	0.485222	0.00525906	0.0239867	0.0126571
168	T	3.36818	0.00243728	0.0172279	0.0145309	0.0223975	0.01211	0.0782054	0.0219005	0.0716516	0.0168531	0.0148888	0.0548523	0.0113023	0.00403261	0.152453	0.0345019	0.0292236	0.339463	0.017704	0.0228033	0.0582615	0.00319989
169	K	3.43482	0.02558	0.0066893	0.000958298	0.231566	0.00119824	0.0251972	0.0226761	0.0403045	0.0729191	0.0247914	0.0687377	0.000924268	0.00281235	0.170435	0.069523	0.0454711	0.119132	0.06288	0.00281627	0.001215	0.0041731
170	K	3.78531	0.0939621	0.0273467	0.11903	0.116993	0.0260566	0.0498483	0.0239025	0.0154564	0.189587	0.011817	0.0189119	0.054796	0.00809894	0.0314145	0.0879018	0.0214837	0.0100103	0.0188032	0.00865771	0.0624754	0.00344627
171	G	2.92358	0.009457	0.000232897	0.0338259	0.0229035	0.00951766	0.0430169	0.016224	0.0120644	0.00772624	0.0187785	0.123601	0.229972	0.0046215	0.36087	0.00315984	0.00968728	0.0672684	0.00574609	0.0108965	0.00452818	0.00590222
172	D	3.15188	0.0230341	0.00446785	0.0667309	0.297317	0.00907053	0.00756256	0.00984694	0.19077	0.00168971	0.00883477	0.04841	0.0286107	0.0962781	0.00922763	0.00233682	0.0166875	0.133555	0.037442	0.00357986	0.00312458	0.00142318
173	S	2.9808	0.050641	0.000686927	0.316111	0.261375	0.019345	0.00235111	0.00470237	0.0356109	0.00287482	0.0255467	0.0227112	0.00712429	0.00152776	0.00356469	0.0273199	0.0431092	0.0783429	0.00385604	0.0035114	0.0880616	0.0016263
174	Y	2.72568	0.00894991	0.0142659	0.0240763	0.023525	0.104713	0.0103396	0.0353699	0.0151275	0.0116959	0.015641	0.0577489	0.00958406	0.00396564	0.0170842	0.00537956	0.00835721	0.025771	0.0089785	0.0378816	0.545494	0.0160519
175	P	3.26914	0.131825	0.00257052	0.00295654	0.205554	0.00168936	0.00920202	0.0197252	0.060319	0.229765	0.0045997	0.101309	0.0244419	0.0271531	0.000174708	0.0439158	0.0185778	0.00364771	0.0146425	0.0894	0.00561672	0.00291516
176	K	3.89339	0.0274323	0.00318388	0.0549874	0.00481889	0.0647225	0.0170517	0.0492045	0.152179	0.0907395	0.0997931	0.00845096	0.0212366	0.0196204	0.0875726	0.00918269	0.0937846	0.0325776	0.0436458	0.0546467	0.0642451	0.000924393
177	L	2.97998	0.119451	0.0218676	0.00425729	0.014385	0.0745987	0.00514086	0.0155696	0.0483106	0.00223246	0.141485	0.000502039	0.00208602	0.00156209	0.00513501	0.0139638	0.0319794	0.0608336	0.395671	0.00159105	0.0284174	0.0109608
