#SITE	WT_AA	SITE_ENTROPY	PI_A	PI_C	PI_D	PI_E	PI_F	PI_G	PI_H	PI_I	PI_K	PI_L	PI_M	PI_N	PI_P	PI_Q	PI_R	PI_S	PI_T	PI_V	PI_W	PI_Y	PI_*
2	K	3.41537	0.00075795	0.00522871	0.00711548	0.0188749	0.208426	0.00331434	0.0237482	0.0281134	0.042308	0.136597	0.0635953	0.0797085	0.0115699	0.05656	0.024204	0.0355312	0.221281	0.0173421	0.00887727	0.00509022	0.00175604
3	A	3.49524	0.0719625	0.0511579	0.0637482	0.0131002	0.0295221	0.00347837	0.0294565	0.0312304	0.00334611	0.128893	0.236066	0.00604659	0.00788746	0.0185019	0.00214329	0.0361154	0.0146333	0.012105	0.0714987	0.167552	0.001555
4	K	3.71479	0.228081	0.0900637	0.0011677	0.0631515	0.121036	0.0632368	0.000636905	0.011474	0.0535084	0.0447361	0.00438074	0.0324328	0.0277029	0.0594418	0.0455376	0.0420953	0.0376196	0.046068	0.022621	0.0018451	0.00316282
5	L	3.5861	0.0676586	0.0123263	0.0102504	0.0697298	0.071457	0.00560719	0.0438351	0.0652027	0.224412	0.208467	0.00562209	0.0394927	0.00880299	0.0243852	0.00159127	0.02637	0.0199451	0.0299609	0.0307899	0.0235691	0.0105243
6	L	2.60055	0.00396406	0.0210884	0.00103706	0.000568545	0.138348	0.00540788	0.314584	0.00501637	0.000478381	0.0498602	0.119589	0.00874094	0.00546598	0.294138	0.00386683	0.00246082	0.00349745	0.00217487	0.00397949	0.0153088	0.000424536
7	V	3.17742	0.004244	0.00537588	0.00227525	0.00231383	0.0333662	0.00410422	0.000697279	0.0879823	0.150589	0.0394049	0.225819	0.0215669	0.000146768	0.00557126	0.243779	0.006682	0.0184518	0.0515535	0.00305385	0.0424464	0.0505771
8	L	2.81802	0.0133344	0.0220414	0.00622296	0.00130712	0.399564	0.0314613	0.000357811	0.0109134	0.000928229	0.125522	0.00394703	0.00812917	0.00225493	0.0562643	0.000612548	0.00471958	0.0138035	0.037758	0.0886297	0.00177429	0.170455
9	L	2.93914	0.00455822	0.00920114	0.000934055	0.00201243	0.139438	0.420107	0.00454211	0.0623411	0.0104274	0.102441	0.0168672	0.00213825	0.0221698	0.0351671	0.0233829	0.0232449	0.00387602	0.032565	0.000347575	0.0093314	0.0749084
10	Y	1.98518	0.00326242	0.0888077	0.00562089	0.000343767	0.636979	5.69117e-05	0.00208877	0.0197735	0.000155485	0.00963693	0.0114574	0.00192579	0.00052432	0.00529491	0.0133445	0.136642	0.0208041	0.0075122	0.000902901	0.0249257	0.0099416
11	A	3.70604	0.11726	0.107047	0.0258287	0.0189246	0.017841	0.0125731	0.0249068	0.0448572	0.00486112	0.0547533	0.00282568	0.0960522	0.0025445	0.0233715	0.0224001	0.11468	0.0677493	0.191387	0.00105938	0.0273528	0.021724
12	F	2.95529	0.0133704	0.00715175	0.0508233	0.00563984	0.0819036	0.0251608	0.00299487	0.00237045	0.00490523	0.0313471	0.00329935	0.00538649	0.00358206	0.00776593	0.0525996	0.288067	0.00465184	0.264009	0.136166	0.000846239	0.00795875
13	V	3.22263	0.00334148	0.0237769	0.00394958	0.0140843	0.00582712	0.0913902	0.0167797	0.145647	0.035074	0.0137319	0.00423335	0.00258117	0.00895555	0.0696517	0.0327969	0.277789	0.00136897	0.198629	0.0202598	0.0154969	0.0146359
14	A	3.5945	0.0772035	0.0128108	0.00426897	0.115256	0.0559451	0.0138687	0.0397769	0.00915885	0.0053896	0.167404	0.0420906	0.0944116	0.00272185	0.196778	0.00398838	0.0619302	0.0107079	0.0138461	0.0181399	0.047137	0.00716658
15	T	3.29815	0.00927605	0.0799635	0.0343997	0.0650278	0.00927586	0.00723008	0.018917	0.0514856	0.00930071	0.00217031	0.269355	0.003572	0.00523119	0.00348259	0.00586459	0.0520928	0.122827	0.186522	0.0550964	0.00473012	0.00418005
16	D	3.35087	0.0259322	0.0165931	0.143902	0.0592003	0.00339622	0.00270585	0.0494624	0.0128425	0.102193	0.133974	0.274392	0.00954563	0.00225687	0.0147947	0.0108973	0.0235829	0.00812884	0.00186563	0.080789	0.00965945	0.0138867
17	A	3.0001	0.409237	0.0224651	0.0183063	0.0126904	0.0198574	0.0162838	0.0268286	0.0698635	0.0135894	0.0023101	0.0298894	0.0555694	0.00460455	0.00954129	0.00404831	0.00448151	0.00428621	0.0467419	0.0283204	0.00640884	0.194677
18	D	2.94402	0.0422038	0.00278084	0.213325	0.103232	0.00342828	0.288453	0.00472692	0.00359737	0.0629444	0.000867939	0.00893854	0.00749653	0.00530863	0.00381836	0.00365924	0.00258528	0.00371535	0.174306	0.0296121	0.00387714	0.0311226
19	T	2.57673	0.000435732	0.000812174	0.00539045	0.00552157	0.000875956	0.00117216	0.048816	0.153616	0.0808726	0.0106439	0.00028243	0.0133041	0.000563188	0.460044	0.0192966	0.126593	0.0496042	0.00539144	0.00120907	0.0102135	0.00534157
20	I	2.24007	0.00981516	0.00289751	0.00595514	0.00271962	0.00207875	0.0178101	0.00705972	0.248553	0.526486	0.0194755	0.0410061	0.0302702	0.00123419	0.00261255	0.000348798	0.0208258	0.000726564	0.00662232	0.00158564	0.005457	0.046461
21	C	2.34275	0.00684437	0.183983	0.520233	0.0018215	0.000688104	0.000525207	0.000692521	0.00113252	0.0281563	0.0459333	0.00616437	0.0108319	0.0380503	0.015446	0.00111544	0.0288994	0.00500541	0.00226198	0.00136096	0.000526635	0.100328
22	I	2.56477	0.00486526	0.00552256	0.308336	0.00413581	0.000819222	0.00466099	0.00949863	0.180841	0.00552788	0.00334594	0.0169715	0.121721	0.000825517	0.00184385	0.000376465	0.0108692	0.0022786	0.283053	0.000948462	0.00830683	0.0252536
23	G	1.60192	0.000889172	0.00131763	0.00234995	0.00842772	0.00883792	0.157322	0.00197126	0.000279529	0.00701618	0.000670152	0.00592652	0.00704754	0.00321892	0.00595995	0.0157112	0.710138	0.00248328	0.00391725	0.00902781	0.00172916	0.0457583
24	Y	2.87532	0.00123428	0.0275053	0.0121404	0.0363281	0.084164	0.00153912	0.0302266	0.0563568	0.0268323	0.019052	0.0466484	0.00295686	0.00340516	0.00689379	0.000952819	0.0101913	0.351363	0.00131274	0.00486677	0.270114	0.00591608
25	H	3.14288	0.107494	0.00934445	0.00282802	0.002179	0.00320726	0.0107054	0.20211	0.0236185	0.260558	0.0783712	0.0455329	0.0020605	0.00075845	0.0257153	0.000954483	0.00311127	0.00444489	0.0754158	0.017295	0.122213	0.00208165
26	A	1.91189	0.206917	0.013338	0.000818923	0.00494297	0.0100795	0.00261638	0.00178654	0.00126258	0.00138459	0.0111264	0.00202594	0.065373	0.00471846	0.00420487	0.00188039	0.00760513	0.00143568	0.0274582	0.0114394	0.615443	0.00414265
27	N	2.56359	0.0171851	0.0182799	0.0269368	0.00742195	0.018569	0.0386426	0.033132	0.0035906	0.0207293	0.00433655	0.00669134	0.535492	0.00161749	0.00972734	0.172988	0.0302385	0.029061	0.00479332	0.0075274	0.00756308	0.00547712
28	N	1.84531	0.620645	0.00255669	0.00416826	0.00191279	0.00195289	0.000818934	0.00311097	0.00352511	0.0336367	0.00326015	0.00597363	0.180125	0.00954938	0.00191635	0.00150526	0.00563098	0.00350456	0.00201121	0.107654	0.00279536	0.00374696
29	S	2.81363	0.0186512	0.0641695	0.0013729	0.235289	0.0039636	0.0368272	0.0821689	0.00208487	0.00160531	0.0020492	0.00270356	0.0182901	0.000528667	0.0279009	0.00444408	0.227176	0.260298	0.00394373	0.00248931	0.00112234	0.00292153
30	T	2.39682	0.000556101	0.000547584	0.0016756	0.000501911	0.00136892	0.000572646	0.145255	0.00683146	0.016724	0.000707281	0.0445172	0.0569932	0.0198387	0.00880488	0.00108174	0.0338596	0.130908	0.00195036	0.510887	0.00158334	0.0148356
31	D	2.49947	0.00987745	0.00323485	0.270503	0.0257913	0.00885609	0.00891155	0.00335595	0.0087098	0.00308329	0.0104113	0.00365064	0.00451844	0.00064237	0.455251	0.01502	0.00189874	0.0590016	0.0440548	0.0299385	0.0011384	0.0321515
32	T	1.8242	0.00754797	0.00393399	0.00253049	0.692875	0.000128508	0.0736063	0.0138462	0.00240728	0.00198478	0.0107699	0.042727	0.00220914	0.000573056	0.000590412	0.014652	0.0273574	0.0839085	0.0155423	0.000695439	8.58986e-05	0.00202788
33	V	2.6898	0.00239409	0.00267514	0.363936	0.000796236	0.00563174	0.029405	0.00408128	0.0759374	0.0618875	0.0076796	0.00948168	0.00050015	0.00177431	0.0304493	0.0251835	0.0194328	0.00250034	0.291322	0.00108521	0.00167783	0.0621686
34	D	3.13377	0.0123957	0.010163	0.33494	0.0855148	0.0936107	0.0931581	0.00163687	0.000648446	0.0056441	0.0072447	0.00380854	0.120764	0.00259092	0.00277247	0.000723569	0.0125404	0.0120785	0.0814696	0.0341833	0.0780505	0.00606192
35	T	2.32828	0.0019357	0.00793406	0.00481598	0.00786171	0.00746687	0.0154715	0.00240319	0.00383571	0.0228315	0.00586779	0.00384612	0.0361464	0.00163108	0.00932674	0.0139927	0.401377	0.380915	0.0215224	0.00328091	0.00285107	0.0446864
36	I	3.25907	0.0536314	0.0305121	0.00424921	0.0135321	0.0373677	0.00594971	0.0056882	0.37744	0.0219459	0.0208919	0.103087	0.00484681	0.0142516	0.0553913	0.0092426	0.00606368	0.0966793	0.0122446	0.00530323	0.0768901	0.0447916
37	L	2.91389	0.00308776	0.0197724	0.261609	0.0351503	0.00155468	0.00707181	0.00320862	0.0448078	0.00508542	0.0684452	0.0161738	0.0002748	0.000173352	0.00656214	0.101271	0.334559	0.030228	0.00649412	0.0016959	0.0264389	0.0263359
38	E	2.61965	0.16233	0.00540694	0.0157944	0.491906	0.0037817	0.00378473	0.0516317	0.0075749	0.015086	0.00222784	0.00837624	0.00535731	0.00680105	0.0258979	0.0504849	0.104208	0.00971114	0.00310648	0.00761238	0.0141575	0.00476231
39	K	2.82956	0.0111705	0.00512384	0.00519479	0.0244482	0.00521766	0.318403	0.0241894	0.00463088	0.323989	0.016437	0.0334602	0.00347293	0.0112625	0.00955717	0.00388993	0.0037961	0.0734762	0.00860037	0.00955629	0.0149415	0.0891827
40	N	2.69047	0.00462438	0.00883558	0.018386	0.00919184	0.00770258	0.00660273	0.0241485	0.00467547	0.193426	0.0103903	0.0136322	0.458599	0.0541446	0.0207904	0.00256299	0.117287	0.0126106	0.0063745	0.0118983	0.00864793	0.00546976
41	V	2.78496	0.0233494	0.113561	0.0133987	0.0158135	0.00530057	0.0177207	0.032077	0.0125707	0.0230112	0.00850128	0.0322079	0.0741949	0.00505216	0.0158909	0.00497002	0.00499196	0.00393372	0.511236	0.0612602	0.00977387	0.0111845
42	A	3.00933	0.100742	0.208045	0.0203579	0.00113472	0.0129789	0.0145575	0.00640688	0.0024828	0.0107351	0.00309526	0.0197381	0.00701159	0.343114	0.0188783	0.00428169	9.52697e-05	0.0382736	0.120091	0.0346553	0.011643	0.0216816
43	V	3.56682	0.221877	0.0376448	0.0278998	0.0512782	0.00766763	0.0105454	0.0475711	0.154186	0.0184528	0.000132471	0.031	0.0688543	0.0231403	0.0168444	0.00929625	0.0221405	0.0069463	0.176129	0.0352064	0.0132964	0.0198907
44	T	2.80523	0.0225101	0.00727047	0.0042974	0.00468528	0.00296256	0.00159796	0.00741827	0.00352518	0.131556	0.00250219	0.0101691	0.0992944	0.000263659	0.017369	0.02164	0.00161322	0.397169	0.179935	0.043046	0.0122264	0.0289486
45	H	2.90218	0.140341	0.0106012	0.0629113	0.00871429	0.193532	0.0425715	0.384222	0.00274105	0.00263756	0.0212607	0.0325068	0.00631768	0.00552595	0.0164787	0.004463	0.0300616	0.00160442	0.00858719	0.00640265	0.00727738	0.0112418
46	S	2.72477	0.0646581	0.0109182	0.00872986	0.0115591	0.00435772	0.00771691	0.0122819	0.00565954	0.0065745	0.092703	0.00749897	0.0131872	0.00223758	0.00773868	0.00181752	0.345466	0.0270873	0.0221324	0.324554	0.0059225	0.0171988
47	V	3.33357	0.0106146	0.0119808	0.00355899	0.0184153	0.0931489	0.0349995	0.0436108	0.144614	0.0208503	0.137462	0.0122245	0.00958023	0.000946665	0.0394163	0.00425116	0.0066293	0.0491787	0.307406	0.0151427	0.0176362	0.0183329
48	N	2.74888	0.00296284	0.00772725	0.117802	0.0461883	0.00310035	0.00177637	0.00664178	0.00488255	0.0390191	0.00681747	0.0110974	0.410264	0.0128084	0.00803209	0.00314852	0.0241882	0.227163	0.00572689	0.035621	0.00464479	0.0203878
49	L	2.6382	0.00603186	0.0549395	0.0107988	0.0123483	0.0106581	0.00555295	0.0315071	0.0776325	0.00876265	0.551709	0.00704733	0.0074033	0.00575547	0.095892	0.027451	0.00502842	0.0111061	0.0100693	0.026455	0.014121	0.0197306
50	L	2.54393	0.0720016	0.0129496	0.0197259	0.00561572	0.00820977	0.00833641	0.00911585	0.00334513	0.0101157	0.564813	0.00955525	0.00677053	0.0470811	0.0448267	0.00801031	0.106802	0.00284316	0.00560634	0.0133963	0.0242567	0.0166236
51	E	2.83977	0.092544	0.0107413	0.140546	0.240304	0.067579	0.00353183	0.00181601	0.0270033	0.00604992	0.00987519	0.00262098	0.0013854	0.00210067	0.00760695	0.00301566	0.00893996	0.0215461	0.329858	0.00971755	0.0089682	0.00424946
52	D	3.6518	0.0753129	0.00959847	0.220618	0.0367527	0.00925579	0.0338931	0.10202	0.00609659	0.00538734	0.0605161	0.00296289	0.155906	0.00986535	0.0162141	0.00829174	0.0341131	0.0351329	0.07733	0.0547792	0.0121394	0.0338131
53	S	3.8307	0.0327296	0.00195477	0.00089364	0.0530595	0.0708965	0.0349253	0.0743	0.00967773	0.0101904	0.069299	0.0195069	0.0929428	0.000251649	0.150429	0.0909563	0.093824	0.0265816	0.0930148	0.00278314	0.0457963	0.0259874
54	H	2.94874	0.0751402	0.0116813	0.0247466	0.00475559	0.0022791	0.0225423	0.470444	0.0397303	0.0433219	0.00317721	0.0108068	0.00661521	0.0749228	0.0217647	0.00716429	0.0345416	0.0934393	0.0319202	0.010533	0.00812363	0.00235037
55	N	3.10223	0.00534381	0.0031804	0.0514819	0.0071627	0.00545415	0.031998	0.0183186	0.0147219	0.0707722	0.00311257	0.016766	0.32531	0.0225661	0.0657766	0.0138764	0.252436	0.029729	0.00177465	0.010842	0.00586231	0.0435143
56	G	2.01724	0.0316845	0.00117742	0.0266212	0.00477038	0.018477	0.133052	0.0407927	0.000798482	0.0112029	0.000415027	0.644989	0.0218668	0.00239624	0.00188109	0.00228386	0.0387382	0.00438502	0.00105283	0.000697235	0.000770436	0.011948
57	K	2.73015	0.103801	0.017938	0.0225206	0.000384379	0.472097	0.006345	0.00077254	0.00119586	0.0672379	0.0203424	0.0546932	0.00628471	0.00168139	0.00367023	0.0744764	0.0034136	0.00356408	0.0503246	0.0863322	0.00102765	0.00189726
58	L	3.32293	0.00345384	0.016379	0.00248334	0.00211454	0.0688653	0.00122927	0.00734743	0.0248922	0.00230658	0.277889	0.0469978	0.127282	0.0170091	0.00719768	0.0920054	0.00576867	0.0107199	0.00778547	0.123317	0.062408	0.0925496
59	C	2.69952	0.00834671	0.421062	0.00716163	0.0232917	0.00356624	0.0038382	0.0065121	0.0338633	0.0139985	0.016141	0.0517817	0.00704979	0.00218757	0.0896761	0.00482649	0.00579419	0.00382034	0.0392789	0.00830222	0.00406594	0.245435
60	K	3.20717	0.015421	0.00363756	0.0258435	0.00403909	0.00952121	0.00630035	0.172043	0.00477732	0.111727	0.0650316	0.0105766	0.031195	0.000489481	0.00566647	0.291378	0.0863562	0.0539668	0.000440044	0.00795808	0.0906944	0.0029374
61	L	2.72552	0.00273653	0.00452573	0.00737923	0.0585724	0.00586576	0.00491642	0.0026884	0.373213	0.00248697	0.237231	0.00737478	0.0277946	0.0135703	0.00906456	0.00403351	0.00240424	0.00533033	0.0157676	0.00110429	0.12371	0.0902298
62	K	3.01106	0.0323209	0.00159491	0.0414815	0.035569	0.00458249	0.0254683	0.365151	0.00442604	0.189952	0.00266441	0.005286	0.0135367	0.00405229	0.0318883	0.0365768	0.0126687	0.00209848	0.00352469	0.0290609	0.0161405	0.141956
63	G	2.45969	0.00895211	0.00938372	0.00724831	0.0062178	0.00610277	0.277113	0.453526	0.00208363	0.0435096	0.00315879	0.00886927	0.00808449	0.00355045	0.00557734	0.0119023	0.0784308	0.0391476	0.00282501	0.0117502	0.0102916	0.00227474
64	I	3.65126	0.0362153	0.00708891	0.0625883	0.0563394	0.00489705	0.042676	0.0345097	0.244091	0.0473071	0.0362259	0.0337178	0.182988	0.00182555	0.0364871	0.0439139	0.00467361	0.0136752	0.0309014	0.01237	0.0125099	0.0549992
65	A	3.60018	0.13673	0.00203379	0.0627628	0.177606	0.00306789	0.0566128	0.0951077	0.0224104	0.189231	0.0168823	0.00403845	0.0152504	0.0125161	0.0287703	0.0581298	0.0309011	0.0241073	0.0172337	0.00981336	0.0318658	0.00492926
66	P	2.88674	0.241091	0.0216461	0.00906876	0.00475043	0.00842684	0.0756257	0.028435	0.0359404	0.00772166	0.00297115	0.032582	0.0201482	0.399258	0.00403441	0.00787695	0.014698	0.00618034	0.00375911	0.0379436	0.0057425	0.0320996
67	L	2.88939	0.00305831	0.0474457	0.00884114	0.0173125	0.00795237	0.00304596	0.06816	0.0192756	0.0136223	0.510823	0.0305156	0.0383386	0.00381419	0.0170173	0.00319296	0.0183165	0.0287492	0.0417512	0.0107015	0.047595	0.0604706
68	Q	3.85267	0.037637	0.00353845	0.0756767	0.0829287	0.0536673	0.0102666	0.0076008	0.0272622	0.0294585	0.0337412	0.110551	0.0132513	0.0387481	0.0430196	0.180437	0.00425132	0.0632402	0.118737	0.0324803	0.0230273	0.0104794
69	L	2.75155	0.00726998	0.00330209	0.0147951	0.0152243	0.0114958	0.118417	0.00285648	0.11498	0.00843221	0.386553	0.0356066	0.00585129	0.00987877	0.00398194	0.00240007	0.00550985	0.00231769	0.0060227	0.0280751	0.0023777	0.214653
70	G	3.73142	0.0153183	0.00651689	0.128052	0.00381174	0.0828654	0.181602	0.0725878	0.00718139	0.0332907	0.103636	0.00898163	0.0318802	0.0704088	0.090311	0.0577758	0.0202645	0.0157429	0.0111863	0.000981511	0.0111093	0.0464966
71	K	3.39719	0.014667	0.0206271	0.00370071	0.0107475	0.00215761	0.261138	0.00618094	0.0035442	0.121798	0.054691	0.00498534	0.0404023	0.0271929	0.0351035	0.081637	0.102637	0.149955	0.00453219	0.0426759	0.00386835	0.00775802
72	C	2.35866	0.0298732	0.32694	0.00339228	0.00639448	0.00384175	0.00532608	0.00175337	0.0553935	0.00455254	0.00338808	0.438429	0.002359	0.0107362	0.0231565	0.0360141	0.00140699	0.00192205	0.0112735	0.00876091	0.00418257	0.0209034
73	N	3.45045	0.00858005	0.0772787	0.123686	0.0807157	0.00191676	0.0566945	0.00880902	0.00334959	0.0435575	0.00197614	0.00535483	0.19162	0.00221613	0.0504294	0.01821	0.182025	0.0701236	0.00149114	0.00289575	0.00487688	0.0641939
74	I	2.48973	0.00969159	0.00542903	0.00283924	0.00407432	0.0827203	0.0137601	0.00410667	0.430021	0.00276634	0.237192	0.138692	0.00494131	0.00496915	0.00544138	0.00796717	0.00143726	0.00388262	0.0175018	0.00645545	0.00672223	0.00938946
75	T	2.99204	0.0254533	0.0110557	0.000333396	0.000215469	0.00169565	0.0231589	0.00112756	0.116452	0.0263277	0.0747417	0.0480462	0.0339484	0.0362523	0.0109185	0.0161233	0.00804803	0.112919	0.420716	0.000685627	0.0218665	0.00991517
76	G	2.48086	0.146507	0.0025367	0.0094087	0.0302603	0.0075015	0.502658	0.00387791	0.0044403	0.00328754	0.00558301	0.0266744	0.0218191	0.00701814	0.0143835	0.00170546	0.00901752	0.0035534	0.00688678	0.0271237	0.00381346	0.161944
77	W	2.00396	0.00321015	0.00972384	0.0062314	0.0244923	0.00734608	0.0127194	0.0113112	0.0514374	0.00848376	0.0109426	0.00740178	0.00702544	0.00244608	0.006587	0.00876117	0.00313715	0.00557104	0.0322342	0.702976	0.034052	0.0439105
78	L	2.07091	0.0118311	0.00272871	0.0036284	0.00181208	0.0098414	0.00422515	0.00265829	0.000814886	0.00267382	0.222677	0.0607913	0.00698819	0.00685784	0.0018547	0.00525246	0.567933	0.00760657	0.0633158	0.00659573	0.00151522	0.00839794
79	L	2.86565	0.046053	0.00130087	0.0107545	0.00574273	0.00190066	0.00569089	0.00427885	0.0832865	0.0056679	0.320145	0.0195352	0.0192502	0.31425	0.00455413	0.0229374	0.00594562	0.0198081	0.0106056	0.00568164	0.0295425	0.0630694
80	G	1.72302	0.0187544	0.0135821	0.00521022	0.0152325	0.0037779	0.757232	0.00297845	0.00242882	0.0108729	0.00124659	0.00483433	0.0151889	0.00804349	0.024324	0.00421001	0.0159466	0.0171655	0.00294143	0.00799696	0.0129657	0.0550673
81	N	2.64509	0.0332571	0.00451413	0.00251815	0.00482704	0.00395741	0.0107072	0.162395	0.0075751	0.0267082	0.00626985	0.0113678	0.477849	0.00117776	0.0214588	0.00212149	0.10406	0.0451558	0.00457527	0.00587913	0.00270283	0.060923
82	P	1.79095	0.00713252	0.00135096	0.0116448	0.0131833	0.000451377	0.00330692	0.589971	0.00281619	0.00098566	0.00120758	0.011013	0.00109908	0.289499	0.00506062	0.0187472	0.0118415	0.00403617	0.00610418	0.00252589	0.00823589	0.00978786
83	E	3.52518	0.0273958	0.0185463	0.0255314	0.186381	0.00970835	0.182232	0.00697742	0.00697689	0.00263604	0.0851466	0.102114	0.0710786	0.00154655	0.0709398	0.00220986	0.0435988	0.0384402	0.00449015	0.00529344	0.10138	0.00737808
84	C	1.77716	0.0050299	0.733252	0.0188474	0.00401594	0.00461032	0.0035777	0.00294227	0.00671156	0.00518366	0.00200443	0.00647651	0.0241648	0.00148711	0.0112969	0.00236552	0.0511818	0.00301734	0.0299666	0.057686	0.00542686	0.0207553
85	D	2.54639	0.00151678	0.0136705	0.541286	0.0767841	0.00805673	0.0139632	0.018854	0.00496455	0.00378827	0.0239489	0.0131995	0.00328972	0.0244044	0.115249	0.0024556	0.0138961	0.0855565	0.00366699	0.00505539	0.00562131	0.0207723
86	S	3.87299	0.111931	0.0192526	0.0284554	0.00800778	0.0896159	0.0449826	0.114509	0.0954568	0.0147115	0.0821175	0.00690273	0.0513864	0.0702873	0.0478043	0.00607878	0.103599	0.00130205	0.0170239	0.0248765	0.0614655	0.000233412
87	L	2.49852	0.00248609	0.0307321	0.00855895	0.0136754	0.00454431	0.0107134	0.00978956	0.117437	0.00378856	0.576711	0.039104	0.00887607	0.0359317	0.0162979	0.0166356	0.00405371	0.0483801	0.0215515	0.0045935	0.0241672	0.00197208
88	L	2.43756	0.00068652	0.00669262	0.00951059	0.252838	0.0180731	0.00405687	0.00124701	0.0596845	0.00231933	0.0993741	0.00235181	0.0006181	0.00344253	0.0179003	0.000838482	0.0119849	0.0222981	0.0252129	0.45371	0.00588149	0.00127856
89	P	3.202	0.0469732	0.000561705	0.00834802	0.0940485	0.390036	0.059229	0.00773464	0.0140107	0.0347591	0.094498	0.015123	0.00998106	0.0544312	0.00319309	0.0104126	0.0444215	0.0276874	0.0167051	0.00158612	0.0645778	0.00168163
90	A	3.90704	0.0821964	0.00530919	0.0255518	0.047727	0.0948789	0.0308426	0.00499144	0.0943615	0.019185	0.0568041	0.169008	0.0470898	0.0338549	0.0311146	0.0129859	0.0634924	0.0718467	0.0471914	0.00154477	0.0585806	0.00144305
91	R	3.67543	0.0237343	0.0163591	0.00477799	0.216738	0.115178	0.0343476	0.00385128	0.0986	0.0255913	0.0201961	0.0015221	0.0219805	0.00551015	0.0618926	0.106126	0.0396996	0.0380184	0.0758574	0.00148511	0.0721667	0.0163687
92	S	3.78478	0.0261598	0.00202217	0.104312	0.0023121	0.0208336	0.114885	0.00252518	0.0630585	0.0337563	0.00867786	0.00845157	0.0237499	0.0528556	0.0437325	0.0460676	0.114706	0.0966916	0.04175	0.0250279	0.161422	0.00700293
93	W	2.59174	0.00339245	0.0371347	0.00497497	0.00546535	0.208543	0.0324967	0.00842862	0.0034494	0.0513157	0.0879469	0.0229302	0.0299238	0.00418234	0.00268769	0.00369451	0.00301086	0.00262027	0.00512237	0.468469	0.00454712	0.00966371
94	S	2.47159	0.0112332	0.023422	0.0163147	0.0100831	0.0306856	0.0439931	0.0232768	0.017394	0.00432377	0.00219057	0.00766859	0.00584486	0.00977863	0.00643112	0.00394772	0.579225	0.00769792	0.00736305	0.13161	0.0160126	0.0415038
95	Y	2.30529	0.00147813	0.00842106	0.0260525	0.00475852	0.0326316	0.00783626	0.00646264	0.00188258	0.0283892	0.00416796	0.00709063	0.00872701	0.0118317	0.0164566	0.0560391	0.0385729	0.0165128	0.0134428	0.0225785	0.64522	0.0414473
96	I	2.39897	0.00325746	0.00542558	0.0064151	0.0142964	0.0560302	0.00333324	0.0252304	0.598004	0.00279764	0.0394717	0.0292082	0.00484582	0.0128389	0.00823708	0.00987772	0.0109652	0.0195725	0.111711	0.0254351	0.00260666	0.0104402
97	V	2.54917	0.0476336	0.00631773	0.0134416	0.0133348	0.0157607	0.0167443	0.0362152	0.149332	0.0154373	0.0174079	0.00857491	0.00573454	0.015799	0.0153981	0.002254	0.00586654	0.00330535	0.558608	0.019359	0.0162729	0.0172032
98	E	2.55755	0.0112688	0.00340002	0.0117804	0.401721	0.00362993	0.0792473	0.00198065	0.295753	0.00483385	0.00234112	0.00692522	0.00214379	0.00162829	0.0338976	0.00212442	0.008168	0.0320395	0.0603725	0.00638763	0.02846	0.00189716
99	T	3.387	0.196488	0.00557378	0.0206811	0.253244	0.00417575	0.00317584	0.0151889	0.009485	0.0162064	0.0501339	0.0123289	0.00477489	0.0244309	0.105934	0.0812546	0.0369995	0.0976496	0.0240354	0.00104558	0.0141364	0.0230583
100	P	3.57493	0.107927	0.000789952	0.00266149	0.0737102	0.00781399	0.194263	0.184919	0.0293625	0.0429838	0.0420673	0.00510033	0.0165287	0.0994442	0.00396631	0.0275721	0.0184884	0.0127114	0.0432594	0.0633588	0.0185193	0.00455372
101	N	2.8917	0.00119806	0.00370825	0.197926	0.00136035	0.372278	0.0783532	0.0162701	0.00182087	0.0104683	0.0577442	0.0102127	0.0839085	0.0031364	0.00116771	0.0911416	0.0110791	0.0302635	0.00939841	0.0115289	0.00611253	0.000923451
102	S	2.35028	0.120291	0.00367936	0.00244731	0.00456949	0.00614888	0.0507151	0.00215335	0.00244126	0.00199901	0.00219818	0.00897675	0.00127334	0.0423219	0.531189	0.00176582	0.11951	0.0772796	0.00178229	0.0174735	0.000618055	0.00116719
103	E	3.49676	0.053593	0.00154741	0.00436093	0.1886	0.0265759	0.0491345	0.114401	0.0316999	0.00441988	0.0203511	0.0118724	0.249457	0.046029	0.061396	0.0183121	0.0469241	0.0112094	0.0302225	0.0192605	0.00142456	0.00920862
104	N	3.06198	0.031242	0.00586812	0.00052017	0.312884	0.172923	0.00377259	0.0994149	0.00190664	0.00423664	0.0561405	0.00353209	0.061022	0.000352658	0.140298	0.0164771	0.0418158	0.000604382	0.0119234	0.00258805	0.0283538	0.0041245
105	G	3.03316	0.0700648	0.0398462	0.0668308	0.0476081	0.00921015	0.453333	0.0496163	0.0013558	0.0670946	0.00200416	0.0242334	0.0248709	0.0162284	0.0030272	0.00863216	0.0162754	0.015182	0.00506782	0.0104496	0.00268636	0.0663827
106	A	3.27456	0.197002	0.100312	0.00955018	0.164026	0.00240528	0.00267439	0.0218119	0.00550212	0.00321988	0.119565	0.00338938	0.050107	0.149983	0.00527131	0.00058599	0.00572561	0.0234714	0.101573	0.00222867	0.00109524	0.0305006
107	C	2.33696	0.0472337	0.603818	0.00953612	0.00522095	0.00774049	0.00899291	0.00875301	0.0150895	0.0432848	0.00456782	0.0879326	0.00883527	0.00267389	0.00630084	0.00197767	0.0179288	0.00347208	0.00262037	0.0163012	0.0856058	0.0121144
108	Y	2.14794	0.0147477	0.0065866	0.00703247	0.00771522	0.0130486	0.00268061	0.0153957	0.0294125	0.0111466	0.0216649	0.00773049	0.0608096	0.00381821	0.00293715	0.00221466	0.0267745	0.0116078	0.00249338	0.0135866	0.663879	0.0747182
109	P	2.22455	0.0463142	0.00345863	0.00825158	0.0080839	0.00431461	0.00205415	0.0354219	0.00486055	0.00560677	0.00512854	0.00777406	0.00818895	0.626133	0.00326117	0.00639835	0.0272748	0.0135096	0.0157969	0.126862	0.0178946	0.0234117
110	G	1.96498	0.00501867	0.0232124	0.0147349	0.0428965	0.0109075	0.698368	0.00510328	0.00458543	0.0134735	0.00363872	0.0904764	0.0128629	0.00657751	0.00725001	0.00682648	0.0106342	0.00570693	0.00656502	0.0215466	0.00582663	0.00378801
111	D	3.52711	0.0593934	0.0154842	0.159018	0.278829	0.00974776	0.0430203	0.0206717	0.0819852	0.0422078	0.00166756	0.0103742	0.00927605	0.0282416	0.00871913	0.0354494	0.0435262	0.0862587	0.0263222	0.00163226	0.0257143	0.0124617
112	L	2.42779	0.00222228	0.0122096	0.00580866	0.00633309	0.0124688	0.00395156	0.052306	0.0905288	0.00674999	0.55977	0.0104755	0.0130677	0.00261453	0.0136329	0.00215577	0.00759503	0.0953958	0.0868237	0.00863757	0.00475904	0.00249354
113	I	3.4374	0.216929	0.00456239	0.0947538	0.00616038	0.176386	0.00129331	0.00736009	0.083079	0.0794207	0.0246864	0.0971273	0.0342562	0.00245722	0.0101976	0.0200022	0.0503892	0.0709143	0.0106609	0.00218754	0.00238195	0.00479424
114	D	3.2808	0.110823	0.00172793	0.323829	0.0732072	0.0395396	0.0229114	0.0985559	0.00239453	0.00108615	0.0769632	0.00263398	0.00412881	0.00110207	0.0473329	0.00479021	0.0490635	0.0041743	0.00315715	0.0546697	0.0151906	0.0627196
115	Y	3.32308	0.0607054	0.0016426	0.0019904	0.0094756	0.0186112	0.0206179	0.0196014	0.27314	0.00677485	0.0613595	0.00328518	0.0355087	0.0126918	0.0547686	0.020855	0.0744721	0.069246	0.014602	0.0105966	0.22691	0.00314534
116	E	2.95325	0.0544612	0.0155497	0.00175794	0.438149	0.0430978	0.0515632	0.0143217	0.00238456	0.00863073	0.0104174	0.0282955	0.00538812	0.0416683	0.167194	0.00199905	0.0160068	0.00121758	0.0228018	0.0190575	0.0445079	0.0115305
117	E	2.38632	0.00786124	0.00762637	0.0154385	0.548587	0.00798064	0.00528537	0.00695372	0.019695	0.0351143	0.00222198	0.0417238	0.0237464	0.0310383	0.0123555	0.00264316	0.0036875	0.20067	0.00311792	0.0118358	0.00628499	0.00613221
118	L	2.27394	0.00181771	0.00589601	0.0545844	0.00462441	0.0496084	0.00343185	0.00364197	0.155618	0.00371475	0.584913	0.0248372	0.00811046	0.00727298	0.0231919	0.0023177	0.00332287	0.00548369	0.00663191	0.00988002	0.00366974	0.037431
119	R	3.13017	0.021421	0.0165508	0.00498947	0.00895277	0.0694439	0.00488146	0.123688	0.00567196	0.0523754	0.00574547	0.00695853	0.00441967	0.00429332	0.0168454	0.372586	0.0109171	0.0368583	0.0215088	0.0881301	0.118147	0.00561586
120	E	2.48667	0.0177574	0.0125523	0.0111841	0.61452	0.0201377	0.0094735	0.0184696	0.0071017	0.0264093	0.00852533	0.0167347	0.0240118	0.00387955	0.010284	0.0527959	0.0678406	0.00672009	0.00646955	0.0260944	0.0206893	0.0183493
121	Q	3.05766	0.00554358	0.020142	0.0290974	0.0148198	0.00631514	0.00370115	0.0339322	0.0109744	0.00750292	0.0424396	0.0127606	0.0443453	0.00218392	0.429249	0.139389	0.05195	0.0146104	0.00543011	0.0824081	0.0165269	0.0266789
122	L	1.92755	0.00297828	0.00258232	0.00712192	0.00629796	0.0142686	0.00179838	0.00486228	0.590941	0.00435462	0.255225	0.0199806	0.00287552	0.00352105	0.00402554	0.00236375	0.00507305	0.00220092	0.0370363	0.0189492	0.00388379	0.0096595
123	S	3.4469	0.142572	0.0969686	0.00248808	0.00299175	0.0143248	0.123531	0.00689946	0.00245774	0.0536436	0.0274591	0.013975	0.028851	0.00178762	0.105217	0.0217973	0.135031	0.188284	0.0121101	0.00686454	0.00933491	0.00341204
124	S	3.17627	0.236525	0.00641252	0.0159647	0.267768	0.00241878	0.0838424	0.015613	0.0390352	0.00352027	0.0418564	0.0159322	0.0123736	0.00140868	0.0265041	0.00383547	0.145058	0.0254763	0.0279757	0.00565385	0.0209605	0.0018652
125	V	2.76477	0.0884467	0.00800797	0.00211191	0.00154884	0.0128472	0.00042063	0.000389459	0.4022	0.000626644	0.135458	0.0882948	0.0185099	0.00169871	0.00194153	0.000306766	0.031794	0.107944	0.0837385	0.00114418	0.0120358	0.000535287
126	S	3.23436	0.000583385	0.000182553	0.0432568	0.0174959	0.0104845	0.0370367	0.0500398	0.289693	0.00102765	0.00170395	0.00293222	0.00610091	0.00455249	0.0289347	0.021429	0.108185	0.109728	0.0774867	0.0216617	0.165308	0.00217708
127	S	3.53889	0.0518222	0.00688096	0.148568	0.161322	0.00509409	0.128373	0.00795322	0.0236942	0.120275	0.00836131	0.0261242	0.0028943	0.00733287	0.0118355	0.0341386	0.120107	0.00391488	0.0344794	0.00352814	0.0858908	0.00741016
128	L	3.37142	0.114643	0.00338697	0.00896769	0.00839397	0.0941589	0.0399392	0.0769935	0.00926416	0.035849	0.324267	0.0160057	0.00240504	0.00229327	0.00438532	0.00644416	0.0920294	0.0166825	0.054023	0.0248759	0.0365137	0.0284786
129	E	2.78579	0.0115516	0.00358003	0.198432	0.430941	0.0051527	0.0029744	0.0429322	0.00490532	0.00850179	0.00198496	0.0281987	0.00473965	0.00323238	0.0112615	0.00392381	0.0562758	0.0774562	0.0354183	0.00943265	0.0565041	0.0026009
130	R	2.62044	0.0149251	0.015627	0.0112221	0.0139499	0.00957472	0.0127066	0.00454461	0.00630519	0.284054	0.00651539	0.024638	0.00810098	0.0794488	0.0145142	0.432416	0.00593588	0.0155697	0.00609807	0.0113714	0.00692378	0.0155584
131	F	2.86635	0.0144129	0.0130304	0.0212773	0.0136942	0.365711	0.00592547	0.00611047	0.109651	0.00950329	0.0134828	0.0184068	0.0107546	0.00485326	0.00719513	0.00419175	0.00286503	0.00661588	0.00824531	0.048156	0.259567	0.0563499
132	E	2.88338	0.00481051	0.0218162	0.0152171	0.366704	0.00844281	0.00293728	0.00730442	0.0637127	0.0137116	0.00854543	0.0122322	0.0943547	0.264354	0.0253749	0.00397962	0.00442807	0.0164745	0.00529721	0.0192414	0.00752214	0.0335389
133	I	2.46296	0.00968301	0.0091162	0.013906	0.00790049	0.0158526	0.00540774	0.00665365	0.223083	0.0114618	0.517002	0.0476877	0.0243176	0.00305956	0.00516775	0.00442311	0.00230762	0.00671663	0.0344127	0.0167175	0.030572	0.00455143
134	F	2.45625	0.0537513	0.0165504	0.00974689	0.0104324	0.605341	0.00358358	0.0163472	0.00727273	0.067523	0.0218037	0.0238122	0.00762132	0.00272136	0.00610234	0.00299567	0.0110293	0.0134723	0.0101281	0.0583355	0.0128262	0.0386038
135	P	3.29334	0.00942419	0.00136673	0.206527	0.19717	0.00985809	0.00529523	0.0104304	0.000749136	0.0468803	0.0129253	0.0047981	0.0590015	0.201887	0.0462161	0.0124392	0.0255794	0.0721808	0.00648429	0.00579457	0.0581007	0.00689235
136	K	3.96388	0.0353297	0.0593944	0.0423629	0.0592696	0.044676	0.0668162	0.00276428	0.0172077	0.0939086	0.0480688	0.00342118	0.00256918	0.0843832	0.109944	0.0175766	0.0626839	0.126503	0.0127097	0.0548282	0.04966	0.00592318
137	E	3.4057	0.214579	0.00131359	0.010278	0.190451	0.0057275	0.0806335	0.0289061	0.0145329	0.00218862	0.0624917	0.0356044	0.100662	0.00693208	0.0267525	0.00437116	0.0535018	0.124882	0.0239086	0.00332081	0.00766318	0.00130013
138	S	1.76255	0.0188996	0.000225803	0.00334257	0.00253199	0.00313055	0.0033655	0.016727	0.0107202	0.00963381	0.013569	8.54243e-05	0.728838	0.00360528	0.00993932	0.00201504	0.0177409	0.00713392	0.017002	0.0835316	0.0437741	0.00418806
139	S	3.39907	0.204489	0.00646086	0.000651712	0.00128148	0.0371031	0.0139559	0.108251	0.0536075	0.0184409	0.00945139	0.0362444	0.00654736	0.000403328	0.0800611	0.00307774	0.0699533	0.0856934	0.0558015	0.203358	0.00210093	0.0030654
140	W	1.70148	0.0130517	0.00581009	0.00854645	0.00263683	0.0440602	0.00643611	0.0490608	0.00501162	0.00567036	0.00912767	0.020273	0.00279721	0.00309134	0.0150734	0.00419214	0.00228172	0.00396706	0.00544048	0.756075	0.0273301	0.010067
141	P	3.52341	0.0471805	0.0354612	0.0139916	0.121304	0.0047762	0.00804028	0.00905362	0.0339004	0.00208427	0.011755	0.0255037	0.00804078	0.256338	0.141995	0.111449	0.0144949	0.0553728	0.0269628	0.0101197	0.0166923	0.0454839
142	N	2.92031	0.0144161	0.055254	0.00881225	0.0222636	0.00257024	0.0622252	0.0252168	0.0480162	0.0139945	0.00863432	0.00601328	0.468159	0.0816362	0.113043	0.00541763	0.00863861	0.00599588	0.0229966	0.0116651	0.00705922	0.00797171
143	H	3.33747	0.0122914	0.00310956	0.00636992	0.0154455	0.105494	0.00261322	0.235696	0.0241208	0.00197135	0.00782688	0.00396835	0.0298911	0.0012738	0.0379382	0.00587283	0.204927	0.104424	0.0461009	0.0134484	0.08981	0.0474056
144	T	2.45163	0.0180033	0.0075505	0.0857446	0.0171187	0.0109519	0.195559	0.0190637	0.00914689	0.00738767	0.00244587	0.0219858	0.00860126	0.00423125	0.0052205	0.00678134	0.0101249	0.528276	0.0027525	0.00604206	0.00899632	0.0240155
145	F	3.56239	0.128806	0.048347	0.257921	0.10494	0.139798	0.040673	0.0380351	0.014799	0.00830856	0.0133811	0.0180999	0.0327451	0.00249678	0.0387451	0.0142471	0.011742	0.0243072	0.0148426	0.0263676	0.0136593	0.00773828
146	N	3.40588	0.116982	0.0034672	0.119459	0.0289563	0.0539511	0.0840385	0.0597327	0.0030784	0.00089622	0.0120113	0.00185568	0.0650571	0.0195891	0.290515	0.0364912	0.0153344	0.00556983	0.0103464	0.0144047	0.0561156	0.00214855
147	G	3.18893	0.00407849	0.0225526	0.0428929	0.00492037	0.0188466	0.411372	0.079669	0.0710074	0.100842	0.00396594	0.0126724	0.0121395	0.00178449	0.0165389	0.0157591	0.0310114	0.0593685	0.033681	0.023449	0.0287139	0.00473429
148	V	2.9553	0.0515374	0.00204289	0.00337107	0.00206307	0.00176846	0.00508695	0.000625293	0.347679	0.118382	0.0018774	0.00585502	0.0224639	0.00711587	0.0137179	0.0301883	0.144865	0.107774	0.10974	0.0013206	0.0212409	0.00128405
149	T	1.60176	0.00184672	0.00570498	0.00460779	0.00363692	0.00220626	0.00323646	0.00236965	0.0107665	0.0155624	0.00391339	0.00657502	0.00143528	0.00398565	0.00495913	0.00802624	0.665195	0.237058	0.00577991	0.00251769	0.00466271	0.0059538
150	V	2.96272	0.281695	0.0309303	0.0129697	0.0226533	0.0226842	0.00739607	0.0588831	0.00836857	0.00381928	0.0234596	0.0267355	0.0212595	0.000656688	0.0291247	0.000834713	0.33185	7.26783e-05	0.00653788	0.0332175	0.0755899	0.00126169
151	S	3.0275	0.151368	0.0161969	0.00426084	0.0109566	0.0105653	0.00389621	0.0983009	0.0217887	0.00406242	0.138593	0.0157234	0.0101975	0.00306401	0.00723554	0.0227573	0.375344	0.0345882	0.045955	0.00897447	0.0116092	0.00456176
152	C	2.48206	0.0105896	0.621315	0.0319294	0.00763664	0.0144619	0.0215514	0.0111734	0.0128616	0.027386	0.0493058	0.0163709	0.0130183	0.0296808	0.029172	0.00932263	0.0263366	0.00322618	0.00425668	0.0398968	0.0153296	0.00517842
153	S	3.41616	0.0268999	0.00247793	0.0138079	0.197599	0.0207663	0.0908256	0.00178355	0.00130196	0.0205982	0.176645	0.00553826	0.00153263	0.0391649	0.0227876	0.144541	0.0578714	0.0876432	0.0756726	0.00169276	0.00363419	0.0072161
154	H	2.98536	0.115464	0.00384603	0.00305527	0.00643353	0.0138001	0.0134236	0.0337799	0.0257988	0.0210721	0.00657053	0.00424173	0.00028355	0.00544406	0.0953136	0.119068	0.0833017	0.39629	0.031175	0.000736743	0.0176994	0.00320196
155	R	3.27814	0.0204867	0.000802777	0.0210052	0.000851071	0.00578966	0.0412133	0.00681516	0.0334422	0.0203048	0.281973	0.0196395	0.129103	0.000871443	0.0197366	0.0766036	0.0357005	0.0039127	0.206673	0.043655	0.0194287	0.0119917
156	G	3.4541	0.027491	0.0421724	0.162265	0.206511	0.00333837	0.135207	0.0252838	0.0171463	0.00408026	0.0135378	0.0245403	0.00882252	0.00197765	0.142866	0.0462338	0.0492878	0.00819637	0.00790482	0.066319	0.00573644	0.00108172
157	K	2.99638	0.00374742	0.00022807	0.00763762	0.301995	0.0115929	0.0323522	0.0358856	0.0864673	0.0284213	0.0384696	0.00249874	0.000759882	0.000284925	0.0178383	0.0106576	0.0356613	0.234071	0.00241695	0.00623816	0.14111	0.00166589
158	S	2.96006	0.0124075	0.00156578	0.00108402	0.00836932	0.0128544	0.000877076	0.0168199	0.000346331	0.0700881	0.259974	0.056563	0.0348101	0.166594	0.0441487	0.000794256	0.0470082	0.000892397	0.00646869	0.00199221	0.255727	0.00061551
159	S	2.67986	0.0110713	0.00173194	0.137677	0.459879	0.00293355	0.0777693	0.0943629	0.00345392	0.0102934	0.0119667	0.0130643	0.00648904	0.000231008	0.0419246	0.00214031	0.0689258	0.0505663	0.000546167	0.00188402	0.00086578	0.00222427
160	F	1.84465	0.0387291	0.0144151	0.00689553	0.00780665	0.739763	0.00242131	0.00353601	0.0207575	0.00594322	0.00895449	0.0130902	0.00992002	0.0153602	0.0035877	0.00497819	0.0147322	0.030393	0.00584113	0.0115558	0.0369658	0.00435428
161	Y	1.39463	0.00140143	0.00296334	0.00293451	0.00110034	0.733327	0.00214043	0.0144403	0.000492508	0.00273448	0.000672892	0.00291082	0.00224343	0.00129278	0.0152531	0.0020188	0.00431462	0.0200576	0.000959697	0.00956236	0.176882	0.00229722
162	R	2.80955	0.0200593	0.00534568	0.01734	0.0113482	0.0141081	0.0228215	0.220179	0.00504433	0.265016	0.00364141	0.00731088	0.0198176	0.00882337	0.0333991	0.296508	0.00553103	0.0015957	0.00121442	0.00929101	0.0275788	0.00402614
163	N	1.60912	0.00547844	0.0180232	0.00923771	0.0108183	0.00730957	0.00415062	0.00737235	0.00464205	0.0110281	0.0067596	0.0105288	0.782916	0.00162264	0.0208062	0.00215114	0.0042297	0.0436812	0.00959657	0.0169268	0.0125717	0.0101492
164	L	1.69851	0.000609892	0.0192417	0.00273255	0.0159821	0.00664034	0.00597086	0.00118491	0.602271	0.00256662	0.283472	0.0158028	0.00297214	0.000331479	0.00304006	0.00122741	0.00129183	0.00167056	0.0270132	0.00314178	0.00198803	0.000848572
165	L	1.8762	0.0130634	0.00475648	0.00132078	0.00237523	0.00187812	0.0735018	0.00950461	0.00824918	0.000884202	0.0930128	0.0072812	0.0304806	0.0017021	0.00193733	0.0270374	0.00838649	0.000722874	0.686934	0.0199057	0.00664449	0.000421461
166	W	1.86695	0.00814567	0.0195382	0.00838183	0.0108702	0.016712	0.0253106	0.0140541	0.00327442	0.00763219	0.0122112	0.0355349	0.00372102	0.0146637	0.00583184	0.00327264	0.00235509	0.0361229	0.00580555	0.738027	0.00904661	0.0194886
167	L	2.22528	0.012092	0.00669862	0.00874448	0.00533483	0.00449534	0.00204537	0.00465785	0.430849	0.00331393	0.357096	0.00120914	0.0223747	0.00384515	0.0080831	0.00122735	0.00311918	0.066145	0.0429861	0.00931603	0.00306821	0.00329865
168	T	3.02348	0.0186521	0.00388308	0.0213404	0.00470279	0.0176497	0.0359199	0.0403396	0.00486695	0.00806427	0.0851812	0.0194225	0.00592647	0.00128714	0.00578016	0.00513758	0.130247	0.334508	0.0294186	0.00560374	0.216335	0.00573372
169	K	3.56727	0.0903953	0.0437612	0.000652215	0.0212934	0.00345123	0.06278	0.0802804	0.00272113	0.0827553	0.0636557	0.0159414	0.0054223	0.00480092	0.106811	0.205259	0.101694	0.0857071	0.00407982	0.01243	0.0047192	0.00138888
170	K	3.71659	0.0503587	0.00523716	0.00872165	0.0295248	0.0014146	0.0134809	0.0842104	0.0843739	0.0651525	0.0407707	0.0326271	0.0307425	0.00243166	0.0149488	0.163457	0.04585	0.0487474	0.0133136	0.0389804	0.209053	0.0166031
171	G	3.39478	0.0138313	0.018027	0.0579333	0.0428624	0.103349	0.104183	0.0091953	0.017783	0.011337	0.119087	0.0017692	0.188261	0.00436258	0.000732937	0.00485097	0.216652	0.0358301	0.0121401	0.000510959	0.0278525	0.00945083
172	D	2.43085	0.0441494	0.00121637	0.133963	0.576365	0.00152322	0.00411049	0.0262131	0.00617879	0.00099224	0.0102687	0.0192198	0.0418379	0.025806	0.022727	0.0092938	0.0125574	0.0116345	0.0352456	0.003543	0.00149089	0.0116636
173	S	3.18569	0.00522663	0.000146382	0.000797691	0.106398	0.0116241	0.0264413	0.023812	0.0352075	0.000644643	0.0261033	0.00401249	0.157909	0.00318576	0.018768	0.00699745	0.0473818	0.0782633	0.330349	0.0736671	0.0426905	0.000373516
174	Y	2.52072	0.00419975	0.0462356	0.0314302	0.0203241	0.0481259	0.00383577	0.0116083	0.0247687	0.00614962	0.00149466	0.00908289	0.0436894	0.00270583	0.00648466	0.00685396	0.00640123	0.00858361	0.00481508	0.142268	0.551778	0.0191644
175	P	3.83311	0.0149229	0.00714006	0.169856	0.00487764	0.0567203	0.150699	0.0445309	0.0441464	0.0106089	0.0269878	0.0866561	0.0388617	0.0466591	0.0151045	0.0684977	0.0988192	0.0317622	0.0410743	0.020712	0.0210099	0.00035385
