kappa = 4.884055
omega = 0.185908