kappa = 4.936102
omegas = 1.905278
p = 0.022134
p0 = 0.987524
q = 0.757482