# POSITION WT SITE_ENTROPY PI_A PI_C PI_D PI_E PI_F PI_G PI_H PI_I PI_K PI_L PI_M PI_N PI_P PI_Q PI_R PI_S PI_T PI_V PI_W PI_Y
1 M 4.31717 0.0528442 0.0466572 0.0538288 0.0493342 0.0495333 0.0503441 0.0476335 0.0512581 0.052458 0.0521792 0.0595944 0.0502822 0.0514978 0.0447942 0.0532665 0.0465497 0.0388557 0.0504304 0.0484083 0.0502502
2 K 3.97465 0.0289239 0.0384863 0.00365018 0.0406992 0.0269049 0.0429938 0.0567044 0.0617197 0.0716441 0.0563239 0.0639419 0.0519633 0.0403684 0.00640015 0.0153121 0.0998216 0.102742 0.0190004 0.0194404 0.152959
3 A 4.02226 0.0908186 0.0383278 0.0819723 0.0504601 0.0126557 0.0022083 0.0174212 0.101288 0.0624047 0.101928 0.0118946 0.047637 0.0328835 0.038456 0.0775937 0.0335193 0.0588641 0.0809704 0.0108234 0.0478736
4 K 3.92217 0.0887331 0.0088123 0.0446753 0.0519192 0.00882876 0.00995035 0.0225216 0.0228796 0.0890371 0.0641236 0.0206818 0.0752196 0.0265412 0.0520845 0.0310511 0.15381 0.0282848 0.123123 0.0167402 0.0609823
5 L 3.66365 0.118659 0.0727194 0.00921666 0.00959935 0.15573 0.0395517 0.101611 0.0363332 0.00646863 0.129974 0.0169421 0.0062239 0.0194016 0.0406927 0.00359616 0.00297315 0.0381065 0.0820349 0.104439 0.00572716
6 L 3.66364 0.0501292 0.0309422 0.0797736 0.0267062 0.224517 0.0168346 0.00985103 0.0434764 0.00934233 0.172114 0.0726256 0.0239095 0.0202381 0.0156286 0.00789267 0.0229462 0.00591131 0.0844418 0.0391324 0.0435875
7 V 3.62522 0.0294963 0.100246 0.00629669 0.0383091 0.079322 0.0101058 0.00617222 0.0211669 0.0635621 0.196935 0.185283 0.0180544 0.00233299 0.00775402 0.0450637 0.0252235 0.043973 0.071577 0.00840336 0.0407225
8 L 3.51966 0.0359369 0.0802389 0.0097336 0.00845719 0.0951375 0.00330864 0.0112959 0.143344 0.00637271 0.201419 0.0519638 0.0477986 0.0185112 0.0151489 0.0191034 0.00641665 0.00696166 0.159884 0.0673548 0.0116127
9 L 3.67752 0.0235384 0.0653603 0.0298757 0.0239901 0.0582379 0.0231984 0.0216389 0.0210526 0.0121115 0.26399 0.0157869 0.0406376 0.0438618 0.0182139 0.0110515 0.0142448 0.0467824 0.142118 0.0312974 0.0930118
10 Y 3.86538 0.0584715 0.0610629 0.0226378 0.00778087 0.036364 0.0331957 0.0302977 0.0931317 0.0132975 0.170937 0.0907446 0.0119641 0.013613 0.0160356 0.020518 0.0444528 0.0689389 0.0699549 0.0130413 0.12356
11 A 3.79537 0.0673481 0.0917131 0.00509829 0.0517741 0.0330601 0.0183353 0.150937 0.0172663 0.00434354 0.101875 0.12599 0.00366513 0.00667617 0.0210726 0.0152921 0.0461235 0.0507167 0.0223923 0.079364 0.0869555
12 F 3.59365 0.123251 0.147459 0.0088379 0.00558931 0.127839 0.00341546 0.00660319 0.112669 0.00373299 0.103865 0.00820693 0.0290047 0.00984853 0.00793864 0.0126479 0.0469595 0.0370402 0.0871743 0.0998352 0.0180803
13 V 3.64873 0.0801384 0.0174644 0.0110039 0.0119635 0.0141447 0.00995682 0.0621649 0.0523697 0.00989082 0.016574 0.0294001 0.0778971 0.0128554 0.0489076 0.0342846 0.207572 0.0762576 0.188652 0.0282674 0.0102351
14 A 4.13317 0.13875 0.0336719 0.0507638 0.0413723 0.0517983 0.0291582 0.0464239 0.0267372 0.0283561 0.103334 0.0457961 0.0373314 0.0165679 0.0780317 0.059115 0.0462828 0.0500249 0.0515535 0.0428126 0.0221184
15 T 3.50428 0.0765245 0.0355452 0.0202764 0.020948 0.0238852 0.0789859 0.0168538 0.0468826 0.0305542 0.00803042 0.023531 0.0172296 0.0213227 0.0143731 0.00606501 0.0572569 0.302978 0.158199 0.0251652 0.0153937
16 D 3.83061 0.0549371 0.0132493 0.192026 0.0495187 0.0138474 0.066659 0.131679 0.0287492 0.0504759 0.00653123 0.0499708 0.0456655 0.0129423 0.0304097 0.117506 0.0220651 0.0152895 0.0187188 0.0275703 0.0521895
17 A 3.47248 0.389054 0.0306942 0.0237515 0.0533947 0.0298263 0.0660836 0.0219415 0.0325157 0.0223406 0.0147607 0.0517328 0.0295503 0.0117478 0.0199164 0.0144937 0.0527564 0.0257677 0.0403159 0.0370144 0.0323423
18 D 3.40988 0.0452978 0.0146364 0.324478 0.0493821 0.0143293 0.0467599 0.0228673 0.0130402 0.0311372 0.00767576 0.0324885 0.0529372 0.0206442 0.018621 0.00754962 0.0118484 0.0268942 0.039475 0.0295662 0.190372
19 T 3.91801 0.00852122 0.0141988 0.0494014 0.0440842 0.0610248 0.00448478 0.0315174 0.0199112 0.0866973 0.055092 0.0704167 0.0570577 0.00729092 0.0319055 0.12166 0.0616883 0.123663 0.115333 0.0232498 0.0128023
20 I 3.24781 0.0110884 0.0274413 0.0592727 0.0158342 0.0186632 0.00781982 0.0183918 0.413538 0.0469114 0.0502595 0.0399929 0.0155326 0.0105587 0.0146598 0.0188281 0.00853565 0.0618053 0.106951 0.0270071 0.0269074
21 C 2.91854 0.0287659 0.524436 0.0203589 0.0170781 0.0652578 0.0209549 0.0157661 0.0152088 0.0207926 0.00650365 0.0265688 0.0133604 0.0253804 0.0230116 0.0436448 0.0191416 0.0105045 0.0145635 0.0470558 0.0416461
22 I 2.98316 0.0364608 0.0187965 0.0208845 0.0213633 0.018969 0.0181024 0.0518193 0.502318 0.0530362 0.0215759 0.0419948 0.013679 0.00813412 0.0513296 0.00847849 0.0110722 0.0127525 0.0554691 0.024724 0.00904063
23 G 3.06285 0.021137 0.0444736 0.0478907 0.0252027 0.0183968 0.496962 0.0178581 0.0140904 0.0211523 0.0394088 0.0355633 0.0210033 0.00848127 0.0214211 0.0195184 0.0219023 0.0135415 0.0437252 0.0482166 0.0200549
24 Y 3.16519 0.0102732 0.0343672 0.0222097 0.00837524 0.16113 0.00366964 0.0318696 0.00867259 0.0235867 0.00256698 0.0167335 0.0151034 0.00281156 0.0181046 0.0261991 0.0370495 0.312693 0.00432806 0.080781 0.179475
25 H 3.72453 0.0447318 0.0568017 0.0267567 0.0301425 0.00985809 0.00373896 0.223758 0.0481378 0.010179 0.119323 0.0172851 0.0526493 0.0194083 0.14316 0.02629 0.0257887 0.0475558 0.0516076 0.0136358 0.0291916
26 A 3.19623 0.378955 0.013329 0.0119357 0.0458979 0.0219116 0.0248386 0.0127307 0.0335957 0.0142088 0.00662397 0.0419294 0.109144 0.00450914 0.0134465 0.0163271 0.159333 0.0316605 0.0273675 0.0193298 0.0129253
27 N 2.64445 0.0173944 0.0150306 0.0466232 0.0196885 0.035528 0.0120629 0.0146974 0.0123504 0.0465581 0.00931639 0.0244542 0.580395 0.00554349 0.0199907 0.00740185 0.0625184 0.0212605 0.00980464 0.0224756 0.0169054
28 N 2.62651 0.0095911 0.0140824 0.0366033 0.0306372 0.0218527 0.0095821 0.0153707 0.0282409 0.0326975 0.0085182 0.0370096 0.594917 0.00965258 0.0135268 0.0081362 0.021763 0.0213443 0.0329918 0.0341811 0.0193012
29 S 3.26569 0.112424 0.0405138 0.00951567 0.00730255 0.0167529 0.0239932 0.00985964 0.00898414 0.0587489 0.0148096 0.0568876 0.128533 0.0231857 0.0249804 0.0149007 0.370936 0.0165753 0.0366443 0.0148558 0.00959677
30 T 3.24903 0.0208211 0.0245547 0.0326722 0.0335512 0.0175623 0.00641105 0.0371142 0.0192697 0.0233358 0.0138091 0.0258868 0.0773602 0.0615047 0.0150415 0.00958469 0.104865 0.415544 0.0107359 0.0303924 0.0199826
31 D 3.28641 0.0139817 0.0108804 0.288977 0.143616 0.0128544 0.0135002 0.0197407 0.00724647 0.00909174 0.0238062 0.0251467 0.02876 0.00642816 0.0559473 0.0165101 0.0177958 0.211374 0.0238606 0.0181193 0.0523627
32 T 3.70482 0.0191752 0.0205077 0.016113 0.0624667 0.0165361 0.00633415 0.0118213 0.0596896 0.0183937 0.0533244 0.0482059 0.0339991 0.0248675 0.0899164 0.132765 0.0461914 0.250787 0.0556561 0.0212019 0.0120481
33 V 3.04514 0.0387598 0.0664641 0.0321338 0.0169656 0.0350491 0.0174429 0.0120353 0.0978751 0.0194229 0.0120262 0.032551 0.0170335 0.0113166 0.0153711 0.00749267 0.0305573 0.0209429 0.477506 0.0213827 0.0176713
34 D 3.15108 0.00962207 0.020913 0.464873 0.0539299 0.0204545 0.058743 0.025505 0.0160929 0.0178369 0.0133879 0.0311407 0.0405972 0.0154071 0.0274858 0.00981598 0.0219255 0.0664454 0.0177985 0.0242827 0.0437427
35 T 3.0696 0.0303836 0.0413018 0.0273689 0.026675 0.0158794 0.0120556 0.0252272 0.0440001 0.0531142 0.0193403 0.026897 0.0243348 0.018716 0.0226711 0.0268614 0.0181632 0.500799 0.0143991 0.0319038 0.0199084
36 I 3.32665 0.026103 0.0241455 0.0180363 0.0195624 0.022474 0.011087 0.0304061 0.401619 0.029421 0.0772168 0.0303506 0.0136696 0.0279233 0.0387042 0.0201416 0.0164757 0.113993 0.0436855 0.0207321 0.0142544
37 L 3.5218 0.00797026 0.0597212 0.0164392 0.0122491 0.0481808 0.0106237 0.0123145 0.0302886 0.0104556 0.0874646 0.0382101 0.00789991 0.00774684 0.0515378 0.159388 0.181491 0.197526 0.00589547 0.0393772 0.0152212
38 E 3.44515 0.0802393 0.0179625 0.0501342 0.232007 0.0777774 0.0206582 0.0270525 0.00973588 0.0326991 0.00648011 0.0214477 0.0421438 0.0107952 0.248189 0.0069326 0.0111114 0.0103261 0.0513051 0.0270821 0.0159201
39 K 3.60323 0.0910073 0.0181214 0.0227788 0.0460458 0.0166048 0.0144565 0.0116545 0.0232831 0.211669 0.0117391 0.0513133 0.0459239 0.00908821 0.0269247 0.19574 0.0106028 0.116518 0.0183039 0.0360824 0.0221427
40 N 3.32284 0.0173134 0.0214929 0.0495323 0.0261346 0.0286112 0.0274559 0.0247859 0.0229897 0.0462303 0.00703084 0.0276686 0.410359 0.00815588 0.0968465 0.0103194 0.035002 0.0260713 0.0189748 0.0340801 0.0609449
41 V 3.4943 0.048823 0.0294055 0.026573 0.0427653 0.0188002 0.0464427 0.0233777 0.172974 0.0160203 0.0433478 0.0535551 0.0210338 0.036769 0.0168759 0.0146269 0.00999028 0.0137992 0.319769 0.0288868 0.0161645
42 A 4.04087 0.136539 0.0500429 0.0476345 0.0513782 0.0374221 0.0389883 0.0593172 0.155545 0.0353315 0.00996381 0.0395307 0.0217623 0.0402565 0.0715085 0.0278214 0.0549226 0.0219993 0.0360538 0.0371671 0.0268155
43 V 3.99301 0.0426524 0.0371812 0.0398736 0.0362932 0.0594156 0.0194427 0.0549621 0.0488236 0.037845 0.00712322 0.0502343 0.0553363 0.0475266 0.0571446 0.0314109 0.0305745 0.0327777 0.225781 0.0393334 0.0462689
44 T 3.17363 0.043823 0.0213598 0.0252153 0.0393945 0.0224324 0.0228728 0.0310063 0.0253768 0.0351312 0.0155301 0.0310256 0.0267867 0.00828444 0.0302856 0.0147934 0.0472464 0.475551 0.0162898 0.0391973 0.0283967
45 H 3.42781 0.0303457 0.0257639 0.070938 0.0166442 0.0220309 0.0506481 0.363521 0.0147162 0.0179288 0.0121043 0.0171628 0.0470307 0.0241303 0.0623438 0.0206836 0.121791 0.0198151 0.011891 0.0237581 0.0267514
46 S 3.75485 0.0517371 0.025597 0.0241817 0.0165499 0.0485119 0.0199696 0.0433307 0.0339563 0.0223987 0.0357582 0.0444113 0.0231784 0.0351062 0.0291653 0.0219676 0.306811 0.0760157 0.0353044 0.0569811 0.0490677
47 V 3.68569 0.0784988 0.0306008 0.013985 0.00765972 0.119991 0.00601689 0.04581 0.0424483 0.0933674 0.0188145 0.0440695 0.00688576 0.0054849 0.0827224 0.0230567 0.00626219 0.0557632 0.210756 0.0131719 0.094636
48 N 3.29649 0.0184389 0.0115186 0.0293287 0.0176071 0.0363518 0.0316437 0.0128068 0.0150763 0.0283821 0.00657359 0.022025 0.384313 0.0163272 0.0141077 0.0195893 0.127131 0.0983755 0.0364734 0.0543185 0.0196115
49 L 2.92837 0.00918283 0.0283704 0.0257142 0.0191885 0.0297751 0.0106481 0.0165851 0.0358345 0.0466153 0.526173 0.0492412 0.0175439 0.0188595 0.0168996 0.0217777 0.0081559 0.0343225 0.0111495 0.0317369 0.0422259
50 L 2.94933 0.0203936 0.0466418 0.0160686 0.00937834 0.0493228 0.0106049 0.0329493 0.0260327 0.0144377 0.504075 0.075957 0.0181878 0.0159738 0.0144298 0.00572813 0.0155739 0.00920998 0.051289 0.0433742 0.0203719
51 E 3.29117 0.315981 0.0380848 0.0112973 0.144321 0.0115362 0.0212222 0.0223887 0.0667177 0.0201718 0.00301379 0.029307 0.00462572 0.00292137 0.0830077 0.00700339 0.00980727 0.0678629 0.11817 0.00875302 0.0138073
52 D 3.70561 0.196098 0.00906427 0.09362 0.0700594 0.0103635 0.142222 0.0864075 0.0162976 0.0404136 0.00741129 0.026575 0.0138803 0.00173945 0.0242774 0.0500862 0.0954672 0.0490386 0.0207524 0.0128346 0.0333916
53 S 3.86988 0.0475638 0.00432585 0.0280413 0.167219 0.0206091 0.042396 0.0326323 0.0527557 0.0250433 0.0514957 0.0345568 0.0259463 0.00151945 0.0493362 0.0716457 0.0609776 0.174989 0.0515287 0.0216325 0.0357861
54 H 3.39292 0.0640348 0.0408609 0.0120491 0.0122077 0.0117871 0.0302646 0.306097 0.00680752 0.0129986 0.0077678 0.0236492 0.050514 0.0326244 0.0321494 0.0163888 0.0741246 0.200699 0.0119015 0.0253251 0.0277482
55 N 3.2055 0.038681 0.0204581 0.0300274 0.0176594 0.0242293 0.0102789 0.0296489 0.0374983 0.0458105 0.012845 0.0359116 0.452155 0.0077364 0.0343434 0.0134764 0.0406756 0.0806426 0.0147577 0.0261814 0.0269834
56 G 3.68318 0.0451192 0.021753 0.0351132 0.10544 0.0477445 0.271305 0.016577 0.0100062 0.0669484 0.00900439 0.0274289 0.0131715 0.0165545 0.0238855 0.0155848 0.0891688 0.022696 0.0264646 0.0554027 0.0806319
57 K 3.753 0.187218 0.0405583 0.00672086 0.00654495 0.0325551 0.0237865 0.0820405 0.00386555 0.0910704 0.0362721 0.113994 0.021528 0.0163153 0.0449066 0.0205146 0.00950636 0.0126181 0.0596784 0.119146 0.0711599
58 L 3.23707 0.0119376 0.0186217 0.0182769 0.0695096 0.0163382 0.0135863 0.0600405 0.195646 0.0108221 0.363939 0.0221841 0.0127569 0.0278232 0.0347496 0.00818174 0.0211809 0.0133769 0.0261364 0.0291568 0.0257356
59 C 2.94072 0.0191436 0.511778 0.0196433 0.0162113 0.0950777 0.0467758 0.0180674 0.0139779 0.0130781 0.0214492 0.0288106 0.0182306 0.0200638 0.0167949 0.0173609 0.0158595 0.013303 0.0244066 0.0239316 0.0460356
60 K 3.68158 0.0643604 0.0124953 0.0226669 0.0189477 0.167699 0.00286258 0.0415822 0.00728315 0.0932307 0.0628934 0.0483348 0.0530909 0.00157758 0.0431154 0.0663894 0.0703904 0.0328308 0.00141628 0.00671491 0.182118
61 L 3.12032 0.0038033 0.00640424 0.00607649 0.0170941 0.0493937 0.002787 0.0146184 0.201357 0.0058578 0.280869 0.082801 0.0170793 0.0121933 0.0102075 0.00707882 0.0388121 0.00783018 0.183437 0.0153472 0.0369528
62 K 3.77647 0.0587733 0.00388032 0.137122 0.0807348 0.0680225 0.0249153 0.16615 0.00632262 0.0916269 0.0296056 0.0298469 0.0521883 0.00146379 0.0793168 0.0275047 0.0302674 0.00713939 0.0091118 0.01946 0.0765473
63 G 3.65235 0.0113672 0.0211457 0.0372671 0.0459916 0.0802375 0.278534 0.0515336 0.0216666 0.0198638 0.0102733 0.0248695 0.112733 0.0179487 0.0495688 0.0236185 0.0973261 0.00900569 0.047856 0.0166693 0.022524
64 I 3.85214 0.0489949 0.00775582 0.021543 0.0982865 0.00634399 0.0186644 0.060407 0.116618 0.0879746 0.0110085 0.0528097 0.0692246 0.00281336 0.019058 0.0939513 0.0269376 0.0440895 0.155214 0.0336576 0.0246478
65 A 3.75468 0.085571 0.00494692 0.0533034 0.202918 0.00838984 0.0256017 0.0251378 0.00533255 0.138124 0.00710398 0.0679352 0.0377292 0.065553 0.0270726 0.0514193 0.0123478 0.0288825 0.027345 0.0331644 0.0921212
66 P 2.97972 0.0449547 0.0198153 0.0211921 0.0271912 0.024948 0.0124085 0.0135544 0.022536 0.0240574 0.0405941 0.0462624 0.0161039 0.522846 0.0300209 0.0161953 0.0226708 0.0234365 0.0171087 0.0268328 0.0272714
67 L 3.18105 0.0229167 0.0226051 0.0192817 0.0182383 0.0937647 0.0102911 0.0134887 0.0506849 0.026324 0.451049 0.0324357 0.024636 0.0273222 0.0380156 0.0584016 0.01069 0.0176823 0.0162614 0.0268683 0.0190426
68 Q 3.85293 0.0575133 0.0259275 0.202412 0.084474 0.0505223 0.04628 0.0517527 0.11128 0.0124771 0.0548486 0.0132869 0.00833126 0.0220686 0.0446539 0.00472197 0.0195995 0.0360278 0.0703969 0.0145645 0.0688608
69 L 2.71393 0.0117888 0.02993 0.0132736 0.0235071 0.0652729 0.0140342 0.0152134 0.0112385 0.0164168 0.5684 0.0516177 0.0154719 0.0182941 0.0162176 0.0164908 0.0102734 0.0140444 0.0405537 0.0330518 0.0149094
70 G 3.76463 0.0630352 0.00892213 0.0562765 0.157564 0.0102912 0.186295 0.0853676 0.00923358 0.038922 0.0463757 0.0241922 0.0863649 0.00206071 0.056784 0.0294883 0.0329288 0.0317919 0.00648301 0.0186122 0.0490111
71 K 3.536 0.285271 0.00609253 0.00911208 0.162622 0.00681523 0.0192258 0.0436153 0.0250993 0.0378645 0.0295064 0.0339952 0.0159628 0.00535009 0.0189743 0.0940371 0.0453458 0.0399943 0.0219622 0.0452156 0.0539393
72 C 2.74369 0.00976011 0.552025 0.0216637 0.024208 0.0652892 0.00876642 0.014152 0.0134506 0.0170316 0.0382546 0.0228863 0.0357539 0.00784914 0.0113165 0.0632961 0.0118366 0.00665392 0.00869053 0.0378231 0.0292927
73 N 3.41694 0.0479 0.0301281 0.0228762 0.0367622 0.00681585 0.13554 0.0180251 0.00886785 0.0288016 0.01054 0.0160192 0.168337 0.00206369 0.0836575 0.0162454 0.0947349 0.245389 0.00302938 0.0202005 0.00406589
74 I 2.96757 0.00555311 0.0101575 0.00745957 0.0117002 0.112148 0.00459034 0.00732111 0.277951 0.0099369 0.257518 0.150308 0.0120606 0.0223593 0.00633445 0.00263442 0.00329467 0.0282908 0.0448585 0.0206827 0.00484293
75 T 3.75516 0.136686 0.0270188 0.00838004 0.0174101 0.0345706 0.0403067 0.0309683 0.140545 0.0054088 0.0558916 0.0897182 0.0227219 0.0516852 0.013555 0.0086166 0.0270069 0.185767 0.0515025 0.0362121 0.0160295
76 G 2.93451 0.159653 0.0146257 0.0127126 0.0503311 0.0165451 0.473947 0.0199148 0.0116415 0.0199867 0.0114887 0.029741 0.0187556 0.00740805 0.0211986 0.0229231 0.0159573 0.0134655 0.0393504 0.0224347 0.0179187
77 W 3.00305 0.0171525 0.0527288 0.028161 0.016328 0.0201429 0.0337745 0.0172218 0.0180281 0.0248488 0.0531271 0.0261328 0.0789821 0.00969219 0.0184488 0.0206232 0.00880806 0.01226 0.024038 0.499141 0.0203594
78 L 3.33423 0.00689065 0.0152493 0.0918572 0.0187392 0.0441435 0.00634552 0.0384364 0.0474814 0.0192394 0.38141 0.0533155 0.0257216 0.065679 0.0141299 0.0206546 0.00789105 0.0100728 0.0879818 0.0295159 0.0152445
79 L 3.10684 0.0373423 0.0207323 0.00794806 0.00769055 0.0150985 0.00576902 0.00790571 0.130455 0.008434 0.392766 0.0861986 0.0100442 0.00958373 0.0128245 0.00458348 0.0167733 0.0320413 0.0263902 0.0694721 0.0979474
80 G 2.7736 0.088883 0.0178911 0.0151689 0.0315434 0.00986429 0.534394 0.0111936 0.0123811 0.063859 0.00751956 0.0350961 0.0166284 0.0150866 0.0146862 0.0318231 0.00483669 0.0101764 0.0492086 0.0191721 0.0105876
81 N 3.16565 0.0235644 0.00988764 0.047681 0.0184831 0.0112195 0.0169261 0.212562 0.0717373 0.019873 0.00549677 0.0175885 0.360752 0.00434633 0.0248446 0.0419941 0.0500785 0.0110417 0.01925 0.0183257 0.0143471
82 P 2.69138 0.0300365 0.0167659 0.0359292 0.0306221 0.0125277 0.0152355 0.0212526 0.0135646 0.0119334 0.032313 0.0152131 0.0131105 0.583467 0.0266245 0.00763165 0.0265308 0.0277757 0.0439419 0.0237378 0.0117863
83 E 3.69048 0.0709158 0.0139895 0.0184913 0.18196 0.0359083 0.0176026 0.0335213 0.0364679 0.0273296 0.0409234 0.0576625 0.050455 0.00262829 0.0670707 0.00208067 0.0300619 0.0750912 0.0052091 0.0258682 0.206762
84 C 2.99626 0.026024 0.503131 0.0273215 0.0233612 0.0551136 0.0308946 0.0160226 0.0125568 0.0238176 0.00780166 0.0274802 0.0187557 0.00995431 0.0220194 0.0272731 0.01006 0.0373371 0.0101959 0.0684032 0.0424767
85 D 3.26824 0.0374722 0.0131925 0.34863 0.209853 0.0116746 0.0435522 0.0349987 0.00925141 0.00965125 0.027126 0.024865 0.0371817 0.00551098 0.0124094 0.00915285 0.0281948 0.0320002 0.0411946 0.0201176 0.0439706
86 S 4.00457 0.0549602 0.00506896 0.0451007 0.0210173 0.0353671 0.057483 0.154333 0.0743575 0.00502188 0.0332736 0.0358085 0.0380601 0.0581475 0.0474311 0.00605907 0.0586727 0.0541065 0.0767081 0.0414337 0.09759
87 L 3.07733 0.00868436 0.0306478 0.0245401 0.0218211 0.0226503 0.00662062 0.0168026 0.261367 0.0110813 0.352162 0.0543329 0.0117899 0.0130382 0.0311931 0.00986822 0.00718255 0.0333909 0.0477349 0.0237205 0.0113705
88 L 3.6184 0.0611741 0.016962 0.0358885 0.0120943 0.0626797 0.00685464 0.0139571 0.246198 0.00951651 0.164188 0.0267486 0.0320576 0.0102641 0.0720491 0.00454586 0.0486825 0.0240775 0.0790413 0.0505616 0.022459
89 P 3.99521 0.0272259 0.00212812 0.112791 0.154261 0.0637453 0.0369198 0.0125978 0.0473571 0.0272555 0.0743747 0.0619263 0.076083 0.0505081 0.0201351 0.0129615 0.0636079 0.0419195 0.0408867 0.0360216 0.0372943
90 A 3.35092 0.0343788 0.00219983 0.0114938 0.0698096 0.0269043 0.011154 0.0942638 0.307465 0.0315362 0.0263561 0.200421 0.0354058 0.0274614 0.00875341 0.0210952 0.027082 0.0258569 0.019035 0.00714419 0.0121831
91 R 3.67058 0.0107964 0.00439008 0.0255163 0.00339925 0.0265293 0.0418115 0.170495 0.0259895 0.111837 0.0409577 0.211012 0.0391781 0.0201484 0.0147355 0.0504865 0.041942 0.0425468 0.076687 0.00438703 0.037154
92 S 4.01579 0.062759 0.00914838 0.0342519 0.0225443 0.0262798 0.0450756 0.0361816 0.0376365 0.0211985 0.0228307 0.104337 0.126648 0.0307681 0.10237 0.039996 0.0766992 0.033771 0.0807753 0.00752126 0.0792077
93 W 3.15652 0.0117097 0.00950487 0.0223049 0.0190247 0.265702 0.027094 0.0181465 0.0106905 0.0153032 0.0712216 0.0203192 0.0164943 0.0093441 0.0701534 0.0338124 0.00830733 0.010829 0.0265805 0.317131 0.0163269
94 S 3.11063 0.267493 0.0157114 0.0147828 0.0113605 0.0297209 0.0957411 0.0114812 0.00791604 0.00952482 0.0192965 0.0333963 0.00952458 0.012981 0.0252619 0.0118344 0.322407 0.0269861 0.00846295 0.0246471 0.0414714
95 Y 2.69034 0.0169646 0.0590135 0.0566065 0.0132219 0.0425728 0.00818338 0.04462 0.0136134 0.0141095 0.00576694 0.0231743 0.0269553 0.00776124 0.0162296 0.00732728 0.026238 0.0199331 0.00929361 0.0219514 0.566464
96 I 2.72725 0.0135103 0.0148469 0.0172843 0.0181237 0.0164318 0.0153989 0.0131083 0.543627 0.0122527 0.0315274 0.021052 0.0221947 0.00756092 0.0482735 0.00616627 0.0153601 0.0194945 0.117177 0.0324968 0.0141146
97 V 3.00649 0.0441996 0.0378073 0.0120589 0.0420514 0.0127149 0.0175543 0.0443126 0.0619786 0.0199242 0.0320507 0.0353852 0.0128027 0.014227 0.0140266 0.00752648 0.00577582 0.0427504 0.497981 0.0302496 0.014623
98 E 3.24758 0.0150846 0.0196495 0.0960414 0.383457 0.0186527 0.0301226 0.0208447 0.0114954 0.0445418 0.0257886 0.0547852 0.00969507 0.00692587 0.0642749 0.0077384 0.0129915 0.0145086 0.129368 0.0192551 0.0147786
99 T 4.01211 0.0100378 0.0205952 0.0382339 0.0520557 0.00500317 0.0170499 0.074093 0.030321 0.0309703 0.0535848 0.0139658 0.0775334 0.0395438 0.0302795 0.124816 0.107601 0.0487293 0.055098 0.0938281 0.0766608
100 P 3.82262 0.0668363 0.00846531 0.0272993 0.0516087 0.0348608 0.017504 0.162632 0.0110921 0.0342351 0.0146883 0.00826184 0.0107811 0.0934301 0.0359387 0.0149723 0.0990097 0.0375781 0.123596 0.111643 0.0355683
101 N 3.96961 0.0543942 0.0237282 0.142741 0.106112 0.00840287 0.0256915 0.0753505 0.0534284 0.0145404 0.0618076 0.0515113 0.0972304 0.00467084 0.0489441 0.0164581 0.0481166 0.0310872 0.0788143 0.04254 0.0144306
102 S 3.52669 0.039476 0.0662431 0.00942169 0.00413612 0.00900351 0.0476704 0.00709263 0.0144657 0.00366192 0.00319282 0.00920274 0.198864 0.136356 0.121522 0.00243163 0.105416 0.107449 0.0524929 0.017796 0.044106
103 E 3.88233 0.0134832 0.00888678 0.0769756 0.107831 0.0167402 0.0379407 0.0746727 0.0268712 0.03926 0.0323935 0.00827426 0.021452 0.0426957 0.102014 0.0103478 0.0245705 0.119947 0.146839 0.0639501 0.0248543
104 N 3.67549 0.0454885 0.00971631 0.0379032 0.029393 0.171687 0.0148845 0.219636 0.0568035 0.0144267 0.0572475 0.00341714 0.0539512 0.00150219 0.0160377 0.00965886 0.0228485 0.0482708 0.0721636 0.059368 0.0555963
105 G 2.98916 0.0774111 0.0140016 0.0144978 0.0673882 0.0119341 0.482368 0.0258758 0.010424 0.0121514 0.00673136 0.0250297 0.0153869 0.00773082 0.0145832 0.0416477 0.0788341 0.0145273 0.0328481 0.0205511 0.0260779
106 A 3.88688 0.112869 0.0726362 0.0365598 0.0505224 0.0945745 0.0156835 0.0289064 0.0214756 0.0159483 0.0101429 0.0355138 0.0538339 0.0540977 0.0244099 0.0032475 0.150471 0.0231875 0.133719 0.0325533 0.0296472
107 C 2.71442 0.012186 0.579365 0.0232535 0.0271468 0.0275147 0.0191497 0.0164643 0.0152043 0.0239488 0.00988847 0.0284692 0.0305449 0.0089913 0.0158682 0.0177132 0.0209032 0.0338754 0.0208666 0.0163699 0.0522766
108 Y 2.89812 0.0127836 0.0336635 0.0332506 0.0126582 0.0245589 0.00888098 0.058814 0.0129644 0.0131472 0.011771 0.0519057 0.0240708 0.00958754 0.0156905 0.0114285 0.0265224 0.0302089 0.0653658 0.0210866 0.521641
109 P 2.97298 0.0137673 0.0165248 0.0248929 0.0220998 0.0161749 0.0301794 0.0133653 0.0140745 0.0107816 0.022943 0.0188626 0.024954 0.512893 0.0483485 0.0172988 0.0284685 0.0468057 0.0109037 0.0487852 0.0578767
110 G 3.05883 0.0157855 0.0237533 0.0138529 0.0367602 0.0451606 0.476619 0.0126749 0.015677 0.020529 0.00529661 0.0487893 0.0123215 0.00761791 0.0155547 0.0422266 0.0289445 0.0128622 0.0472137 0.0835278 0.0348327
111 D 3.88065 0.0353288 0.0434595 0.118054 0.124368 0.0550829 0.00478335 0.0330182 0.0215595 0.00392849 0.0353891 0.0494698 0.0370994 0.0077367 0.123658 0.00264529 0.0594041 0.02307 0.106524 0.0677692 0.0476521
112 L 2.74135 0.00455861 0.00921077 0.0153695 0.00610296 0.0371939 0.00446431 0.0260916 0.470639 0.00941679 0.178891 0.0344135 0.0137078 0.00868537 0.0234257 0.00663186 0.00534101 0.0126049 0.0956307 0.0285594 0.00906065
113 I 3.83233 0.106466 0.149523 0.0292055 0.0545069 0.018804 0.130844 0.140072 0.0433426 0.0282986 0.0467461 0.0377668 0.00254533 0.00473929 0.0287977 0.0203278 0.0353073 0.0273637 0.0582157 0.019034 0.0180923
114 D 3.26097 0.0375953 0.0232339 0.120553 0.289819 0.00647011 0.00368076 0.0310629 0.00291455 0.00595714 0.0237425 0.140171 0.0176506 0.00901139 0.0909161 0.00187148 0.119873 0.00608577 0.00217867 0.0180757 0.0491378
115 Y 3.8406 0.0494469 0.0182143 0.016414 0.0104978 0.0962445 0.0517386 0.0250077 0.123444 0.0105506 0.0522944 0.0321396 0.0181697 0.0567182 0.0132056 0.00908429 0.0618921 0.0350522 0.0761359 0.0460259 0.197724
116 E 3.26343 0.0671135 0.0120666 0.0501437 0.192823 0.0165798 0.0335902 0.165181 0.00661014 0.0217518 0.00585091 0.0296757 0.0070179 0.0301047 0.280252 0.00342669 0.00461231 0.0130085 0.0288134 0.013166 0.0182129
117 E 3.08764 0.0281853 0.0234635 0.0151873 0.490683 0.0216521 0.0206685 0.0505228 0.0385982 0.0513966 0.0140119 0.0420715 0.0290085 0.0165571 0.0179699 0.0130548 0.0218059 0.0206836 0.0130581 0.0480986 0.023323
118 L 2.58782 0.0108507 0.0160613 0.0428728 0.0203149 0.0484339 0.00954091 0.0105981 0.0186519 0.0101275 0.587132 0.0392223 0.0110128 0.0188821 0.0721398 0.0105319 0.00764601 0.00640892 0.0154662 0.0236806 0.0204258
119 R 3.40666 0.0195251 0.00761255 0.00438889 0.0049241 0.0320973 0.014558 0.201243 0.0868682 0.0360922 0.0634795 0.0547157 0.048223 0.00195213 0.0102617 0.126835 0.00433354 0.0226378 0.00337325 0.029538 0.227342
120 E 3.30429 0.0263337 0.0229636 0.0491663 0.411842 0.021418 0.0420558 0.0845599 0.0201995 0.0527952 0.00791372 0.0222938 0.0214637 0.00845288 0.0385602 0.00880412 0.0170813 0.0137667 0.0239908 0.0725605 0.0337778
121 Q 3.83093 0.00590309 0.017443 0.0163604 0.0329842 0.0499627 0.0371316 0.0763255 0.0664765 0.0513021 0.0248357 0.0457968 0.00791666 0.00781421 0.213423 0.102344 0.0792063 0.0209601 0.0293378 0.0322752 0.0822003
122 L 3.20573 0.0146193 0.0220386 0.0560654 0.0203911 0.0391699 0.00598514 0.019365 0.0289108 0.0155917 0.417199 0.0472472 0.0195341 0.00974961 0.0207857 0.00676012 0.0733587 0.00849286 0.103916 0.0577535 0.013067
123 S 3.95159 0.0651199 0.0847143 0.0133024 0.0142184 0.104607 0.0719498 0.126886 0.0535021 0.027689 0.0150054 0.00987907 0.0850664 0.004022 0.0153251 0.0332335 0.0977473 0.0670416 0.0346866 0.0425661 0.0334373
124 S 3.83838 0.0399191 0.0270609 0.0215243 0.0174827 0.175397 0.093292 0.0252921 0.0441544 0.0212731 0.0414703 0.0410631 0.0463385 0.00783607 0.11668 0.021547 0.115027 0.0998991 0.0211572 0.0137187 0.00986742
125 V 3.53294 0.167497 0.125538 0.0127791 0.0130389 0.012009 0.00498177 0.0110009 0.0566899 0.0228371 0.0634726 0.05715 0.0105481 0.00659239 0.0108551 0.0157714 0.0266579 0.102899 0.221482 0.0161503 0.0420499
126 S 3.87251 0.010725 0.00799327 0.0820169 0.0700702 0.0089043 0.084677 0.00480702 0.0743557 0.0322391 0.0365739 0.00669822 0.0262647 0.0189799 0.104874 0.0723475 0.0880449 0.0818272 0.120223 0.0640514 0.00432705
127 S 3.76032 0.0350373 0.00941388 0.157525 0.095353 0.0234166 0.012409 0.0118323 0.00286313 0.0636932 0.0267703 0.0356361 0.0835808 0.00767295 0.0920555 0.0244498 0.068723 0.160872 0.0106071 0.0222658 0.0558221
128 L 3.37367 0.125188 0.00825696 0.0283447 0.0077288 0.020464 0.00829724 0.0232094 0.249433 0.0106306 0.168624 0.0356948 0.00596272 0.0162782 0.0116636 0.00411807 0.0268679 0.140794 0.0478036 0.0548817 0.00575784
129 E 3.61883 0.0411876 0.0130517 0.0788139 0.276076 0.0152112 0.0140911 0.0901461 0.0441674 0.0643397 0.0321123 0.0239155 0.012074 0.00912188 0.017861 0.00570886 0.10517 0.0729404 0.0519286 0.0207794 0.0113029
130 R 3.2531 0.0164186 0.0220838 0.0530994 0.0335462 0.0298791 0.0278845 0.01766 0.0482431 0.0863104 0.00964081 0.0286405 0.0222508 0.0240252 0.0166972 0.43666 0.0135604 0.0428964 0.0121649 0.0403488 0.0179896
131 F 3.37706 0.0196823 0.0440903 0.0226818 0.02316 0.406542 0.0166211 0.0240215 0.0551057 0.0158334 0.0537799 0.040833 0.0300167 0.010096 0.033379 0.0137109 0.0303926 0.0126498 0.0356643 0.031947 0.0797931
132 E 3.72509 0.118313 0.0250084 0.0302116 0.25527 0.0202401 0.0217172 0.0272947 0.0152497 0.0635093 0.0092843 0.0328037 0.0185772 0.0703113 0.0876866 0.0111267 0.02454 0.0169239 0.0741905 0.0464028 0.03134
133 I 3.64088 0.178265 0.030569 0.0212878 0.0430421 0.0149335 0.0114201 0.0221698 0.25376 0.0397651 0.0902184 0.0553477 0.0262152 0.0106673 0.0221054 0.0254612 0.0148363 0.0203594 0.0409785 0.056846 0.0217513
134 F 3.18683 0.012689 0.0727797 0.106652 0.0242848 0.427105 0.0122095 0.0230024 0.0164672 0.0177255 0.0306437 0.0472364 0.0174444 0.0130444 0.0207984 0.0091141 0.0164525 0.0139924 0.0236232 0.0210406 0.0736951
135 P 3.7066 0.0522088 0.0124378 0.153396 0.0683924 0.0328282 0.0773769 0.0460776 0.0153524 0.00648618 0.00437705 0.0150506 0.130923 0.150067 0.066753 0.00798795 0.0986962 0.0192283 0.0188963 0.013012 0.0104512
136 K 4.09613 0.0248382 0.00911821 0.0826311 0.0496997 0.0523444 0.0232616 0.0337214 0.0348341 0.0713962 0.0911065 0.0620992 0.0140606 0.0506481 0.0622323 0.0151 0.0436917 0.034826 0.0498366 0.0718457 0.122708
137 E 3.72324 0.0822798 0.00268158 0.205577 0.131671 0.0241401 0.0386638 0.0276971 0.0708971 0.0145469 0.0384459 0.0205876 0.035943 0.0227416 0.0252124 0.00164478 0.107822 0.0635545 0.0645166 0.00906266 0.0123149
138 S 3.88303 0.0295121 0.00317439 0.0777887 0.0477678 0.058498 0.0433311 0.0304033 0.0787661 0.042355 0.0333238 0.00527435 0.0126027 0.0565317 0.138478 0.0377931 0.0810622 0.0322897 0.0108988 0.0161345 0.164014
139 S 3.44201 0.147451 0.0325681 0.00685237 0.00209164 0.00540907 0.0292828 0.0422495 0.0203566 0.00433952 0.0214793 0.0926102 0.0452169 0.00466277 0.0411337 0.0239778 0.0828519 0.0482455 0.0177622 0.302614 0.0288455
140 W 2.77584 0.0126602 0.0511856 0.0171198 0.01075 0.138398 0.026029 0.0119957 0.00878431 0.0181271 0.0187932 0.0171723 0.0133043 0.00646605 0.0126949 0.0162256 0.00615889 0.00551239 0.00645772 0.477297 0.124868
141 P 3.72901 0.0490092 0.00499642 0.0567572 0.155676 0.0129649 0.0378371 0.0117203 0.0244176 0.0197031 0.0548121 0.152765 0.0254673 0.167618 0.010388 0.0219403 0.0654922 0.0390191 0.0665629 0.00987276 0.0129813
142 N 2.852 0.0056798 0.0103722 0.0396804 0.037709 0.0128692 0.00503045 0.057727 0.0109606 0.0262617 0.102087 0.0240925 0.509151 0.00525179 0.0293736 0.014401 0.0209753 0.0182435 0.00619412 0.0160645 0.0478752
143 H 3.25488 0.0141059 0.00727646 0.00594582 0.0373837 0.0228545 0.00348243 0.201892 0.0253598 0.00901781 0.0315784 0.013641 0.0557906 0.00391403 0.0504762 0.0227688 0.0771269 0.0208562 0.0437594 0.018313 0.334457
144 T 3.01944 0.0282797 0.0160744 0.0353848 0.00893233 0.00866508 0.176618 0.00816175 0.0714258 0.0105368 0.003482 0.016945 0.00841077 0.0411727 0.00843618 0.00885203 0.0833764 0.406623 0.0172845 0.0293717 0.0119671
145 F 3.12894 0.149489 0.0236511 0.0994309 0.394851 0.0784734 0.035594 0.00685813 0.0225896 0.0124521 0.0219064 0.0212445 0.0109535 0.00286233 0.00562665 0.0112393 0.0287059 0.0125998 0.0228817 0.0169756 0.0216153
146 N 3.95934 0.0423942 0.00214801 0.0225861 0.0667514 0.0515772 0.022457 0.129581 0.0330107 0.0279312 0.038988 0.0274583 0.0722556 0.0505572 0.0649275 0.0512071 0.0102303 0.0240313 0.0946948 0.019892 0.147322
147 G 3.90602 0.101338 0.011051 0.0314743 0.078839 0.0250033 0.213729 0.0723624 0.0381107 0.0452163 0.0340772 0.0132536 0.0166753 0.0154388 0.0395381 0.028551 0.0570857 0.0426116 0.0224044 0.0686735 0.0445668
148 V 3.525 0.0436513 0.00530579 0.0192866 0.0207667 0.0270826 0.0399191 0.0260831 0.243081 0.0243097 0.0780745 0.00465837 0.0351927 0.0203112 0.0106802 0.00953397 0.0916418 0.198036 0.0742157 0.0137152 0.0144537
149 T 2.96535 0.0214081 0.0260512 0.0243308 0.0164173 0.00727743 0.0433345 0.025225 0.0328021 0.0100322 0.0148093 0.0118895 0.011871 0.00898532 0.0290104 0.00274314 0.421933 0.218574 0.0261967 0.022055 0.0250542
150 V 3.48646 0.157272 0.00301042 0.0105288 0.025526 0.11204 0.0728885 0.0369822 0.0188068 0.00904147 0.091489 0.013925 0.0177401 0.0112934 0.0301166 0.00212623 0.260897 0.0245883 0.0570801 0.0147923 0.0298569
151 S 3.4446 0.318019 0.0326791 0.023295 0.00588684 0.0416352 0.0451194 0.0337497 0.0121375 0.0193229 0.0214975 0.0738778 0.0101773 0.014579 0.0512349 0.0170374 0.163415 0.0643353 0.0332755 0.0121722 0.00655387
152 C 3.0487 0.0252111 0.474978 0.021719 0.10372 0.053569 0.0468437 0.0205882 0.0139491 0.0165126 0.00682815 0.0279849 0.013731 0.0173445 0.0169308 0.0207939 0.0216593 0.010929 0.0121085 0.0477406 0.0268596
153 S 4.11654 0.0395516 0.0388933 0.007846 0.0443554 0.00866862 0.0658275 0.0491358 0.0687947 0.0392833 0.032294 0.0533209 0.0479532 0.0939818 0.0307322 0.0446143 0.0384338 0.0732499 0.0603261 0.0323002 0.130438
154 H 3.73338 0.0504573 0.0273794 0.110695 0.0176901 0.0465433 0.00433629 0.0212225 0.046194 0.00956013 0.0419421 0.0892006 0.146622 0.00285739 0.0228641 0.0406862 0.0482839 0.0804409 0.179338 0.00727042 0.0064161
155 R 3.836 0.0851732 0.0037858 0.0235456 0.0222828 0.016502 0.142222 0.0474913 0.154898 0.0572566 0.0133568 0.0459949 0.0253766 0.00373128 0.0682987 0.0636715 0.107839 0.0345502 0.0535775 0.0168548 0.0135907
156 G 3.61606 0.205553 0.00548792 0.0899973 0.0515915 0.0104651 0.0789553 0.0377899 0.00774507 0.0783753 0.0133472 0.150868 0.0467797 0.0025547 0.104642 0.00840358 0.0312743 0.0400826 0.0156082 0.0104585 0.0100214
157 K 3.42103 0.0036709 0.00246698 0.105358 0.0303207 0.0397701 0.244692 0.211356 0.0107498 0.0238457 0.0309085 0.0425123 0.0219128 0.00336418 0.0463212 0.0133366 0.0452012 0.0803343 0.0342158 0.00594024 0.00372211
158 S 2.77957 0.464259 0.000978949 0.00576163 0.0103325 0.0136967 0.0118763 0.0700571 0.0413631 0.0173613 0.00597921 0.017096 0.0161527 0.0537121 0.181363 0.00180195 0.0188486 0.0230685 0.0291911 0.00270047 0.014399
159 S 3.79992 0.0549196 0.0033305 0.15032 0.0339576 0.0180809 0.0426912 0.0595513 0.0105721 0.0282561 0.0552202 0.0982564 0.0602986 0.0119769 0.019847 0.0212917 0.115815 0.151456 0.0127615 0.0456536 0.00574376
160 F 2.67595 0.00605915 0.0154075 0.0143842 0.0266177 0.335456 0.0260374 0.0125852 0.0101084 0.0131596 0.0146468 0.38979 0.0150288 0.0146945 0.012082 0.0055278 0.0215191 0.0111763 0.00715051 0.0160382 0.0325311
161 Y 2.57746 0.00868497 0.0353143 0.0822419 0.0130214 0.0489285 0.0199512 0.0727787 0.0081658 0.00983464 0.0153257 0.018047 0.0161852 0.00779944 0.0155694 0.00872196 0.00958497 0.00652656 0.00873278 0.0204423 0.574144
162 R 3.03222 0.0215752 0.0120233 0.0214621 0.0102769 0.00609667 0.0536926 0.0333388 0.00557108 0.19971 0.00418093 0.010201 0.323197 0.00523218 0.00751217 0.184625 0.0410565 0.0275624 0.00360933 0.0139267 0.0151508
163 N 2.92991 0.012332 0.0159732 0.0300829 0.0195481 0.0173762 0.00744763 0.0233172 0.0402971 0.0926006 0.00501202 0.0331928 0.48926 0.00473025 0.012263 0.00582451 0.0490364 0.0801088 0.010823 0.0229553 0.0278186
164 L 3.04059 0.00611898 0.0121769 0.0235785 0.00967698 0.0452121 0.00495135 0.0373852 0.0779091 0.0124658 0.324753 0.0966696 0.0226407 0.00884973 0.0148087 0.00475002 0.0123396 0.00635504 0.2555 0.0139713 0.00988736
165 L 3.69756 0.0218326 0.0150211 0.0252064 0.0297855 0.0132843 0.0352274 0.0980931 0.0477312 0.0150833 0.275356 0.054602 0.103096 0.00820656 0.0560815 0.0155915 0.0452908 0.010993 0.0528745 0.0302687 0.0463752
166 W 2.4631 0.0108714 0.0453258 0.0172628 0.0241941 0.0160922 0.0133999 0.011902 0.00877714 0.0144797 0.0187655 0.0258314 0.0119733 0.0149524 0.0244526 0.0336694 0.0300646 0.0101188 0.0254294 0.630691 0.0117459
167 L 3.0221 0.00489368 0.0288157 0.0119978 0.0166 0.00876817 0.006574 0.00517346 0.219887 0.0136059 0.272834 0.0541265 0.0067246 0.0210759 0.0414577 0.00689667 0.00332751 0.0166229 0.227763 0.0191383 0.0137177
168 T 3.78476 0.040966 0.0221457 0.00878799 0.0258558 0.0101698 0.135307 0.0280069 0.026635 0.0606752 0.103695 0.0384249 0.0286359 0.00986455 0.109359 0.0704574 0.0392251 0.1869 0.0321371 0.0151773 0.00757423
169 K 3.28901 0.200883 0.038447 0.00308152 0.011076 0.00208878 0.0344669 0.0580194 0.00259846 0.0504838 0.0387466 0.0974302 0.0197653 0.00179718 0.0204972 0.00931151 0.260308 0.0331144 0.11298 0.00242212 0.00248237
170 K 3.91909 0.155757 0.00432831 0.0514735 0.0245226 0.0763972 0.0324322 0.0657311 0.0232604 0.0430897 0.139497 0.0762272 0.052931 0.00135853 0.0202814 0.0344725 0.063039 0.0528745 0.0157078 0.0416423 0.0249773
171 G 3.5825 0.132041 0.00194581 0.200485 0.165669 0.0358491 0.0750745 0.0625121 0.0205841 0.00285465 0.0664799 0.00696265 0.0703911 0.0104551 0.0142985 0.00259277 0.0224363 0.034316 0.0226861 0.0174356 0.0349296
172 D 3.3543 0.031125 0.00329006 0.119992 0.311191 0.00469334 0.00577978 0.0200328 0.0221995 0.0158262 0.0145989 0.0151153 0.0176172 0.0418347 0.0590896 0.000995269 0.0654912 0.131836 0.0705095 0.00410301 0.0446815
173 S 3.9859 0.0406352 0.00134058 0.0694753 0.0992201 0.0169087 0.035638 0.0700414 0.0585586 0.00384758 0.0505925 0.0445496 0.0952749 0.0218945 0.0858803 0.00259871 0.0443704 0.0760674 0.104602 0.0429277 0.0355758
174 Y 3.12398 0.00887512 0.0264463 0.0644614 0.0200272 0.0883686 0.0247443 0.0291994 0.00724257 0.0120679 0.00965126 0.0488271 0.0685502 0.0144165 0.017185 0.0113232 0.0272309 0.00725739 0.00961677 0.0645047 0.440004
175 P 3.81542 0.156474 0.0136701 0.0697851 0.0081881 0.0299989 0.0187406 0.0264854 0.0103382 0.124425 0.0309014 0.0133451 0.0194459 0.0231996 0.147407 0.0548397 0.0488219 0.0875942 0.0412158 0.0108864 0.0642387
176 K 3.89122 0.0138315 0.0169626 0.00529214 0.0175132 0.0407589 0.01225 0.0809695 0.0213151 0.0424543 0.036567 0.196309 0.0404906 0.10851 0.0867975 0.0413318 0.0391259 0.0570708 0.0575336 0.0205855 0.0643305
177 L 3.36924 0.118403 0.0355982 0.00386978 0.0047935 0.0355079 0.00869016 0.0205899 0.05327 0.0142762 0.0913255 0.0425669 0.00752654 0.00355507 0.00756352 0.00210191 0.0788893 0.191733 0.243791 0.00875321 0.0271967
178 T 3.75193 0.0960419 0.00791756 0.00729665 0.071844 0.0934628 0.026413 0.170268 0.0726448 0.00606917 0.0425103 0.014454 0.0412056 0.00157161 0.0116966 0.0118029 0.0694839 0.084166 0.0796054 0.0875567 0.00398892
179 N 3.92945 0.0382686 0.0288792 0.0559523 0.0457612 0.0114426 0.133975 0.0210322 0.0443068 0.117084 0.0179013 0.0318307 0.136223 0.0290423 0.0627257 0.0110621 0.0539888 0.0277043 0.0974418 0.0104074 0.0249702
180 S 3.81703 0.0191515 0.00543822 0.0315621 0.139843 0.018135 0.0203357 0.0549525 0.0242115 0.0121184 0.0293536 0.10068 0.0497433 0.0118179 0.0177844 0.0370767 0.0736698 0.110879 0.115773 0.00596505 0.12151
181 Y 2.95348 0.00631748 0.0497228 0.0353637 0.015756 0.1855 0.00724168 0.0265939 0.00875378 0.0220021 0.0199691 0.02435 0.0234778 0.0107167 0.0136587 0.00692195 0.0108809 0.00767306 0.00768535 0.0965443 0.42087
182 V 3.62238 0.0746367 0.00243918 0.00893342 0.0584179 0.0167101 0.00291573 0.0153987 0.0383169 0.0262174 0.0131494 0.0655981 0.0352309 0.0029075 0.111122 0.0668772 0.0692355 0.0611759 0.0515563 0.262224 0.016936
183 N 3.17136 0.0285381 0.0128349 0.0428218 0.025265 0.0187544 0.00647392 0.0425059 0.015362 0.0306366 0.0192694 0.0240728 0.442987 0.0223113 0.0192848 0.0078983 0.0921115 0.0784301 0.0101181 0.0381184 0.0222063
184 N 3.91522 0.0286661 0.0333955 0.0531293 0.0235166 0.0089173 0.0960335 0.0330516 0.0201223 0.018881 0.0523392 0.0335091 0.113189 0.00463886 0.0372106 0.0280077 0.0752453 0.1835 0.0737305 0.053039 0.0298776
185 K 3.81415 0.0145824 0.00611422 0.0143826 0.0529725 0.0226775 0.0988864 0.033525 0.0745978 0.139409 0.0534602 0.139743 0.0874803 0.00294001 0.104912 0.0554797 0.00937758 0.0172326 0.0332951 0.0252359 0.0136966
186 G 3.76905 0.0948837 0.0070661 0.0769359 0.188378 0.0361585 0.0874247 0.0791397 0.0131621 0.00772333 0.035985 0.0101905 0.00934943 0.0251748 0.00535053 0.0469462 0.127617 0.0505402 0.0448132 0.0390179 0.0141439
187 K 3.84779 0.0769823 0.119701 0.00816234 0.0812024 0.0231422 0.0260838 0.0177598 0.0139169 0.109839 0.0386542 0.0631572 0.0394096 0.00437588 0.127849 0.0242892 0.0225279 0.0127433 0.133517 0.0295614 0.027127
188 E 3.88942 0.0630043 0.00471979 0.112669 0.116535 0.0408129 0.01129 0.111905 0.0895502 0.0111006 0.0783906 0.0230084 0.0235038 0.0702269 0.0296116 0.0223469 0.0976851 0.0165828 0.0526625 0.0104793 0.0139163
