# POSITION WT SITE_ENTROPY PI_A PI_C PI_D PI_E PI_F PI_G PI_H PI_I PI_K PI_L PI_M PI_N PI_P PI_Q PI_R PI_S PI_T PI_V PI_W PI_Y
2 K 3.91039 0.0100576 0.0884799 0.0363463 0.0163383 0.0134379 0.0153993 0.146099 0.0525481 0.0552533 0.0629313 0.105324 0.0374056 0.0122252 0.0891306 0.0173585 0.0288038 0.0509624 0.0267898 0.0158999 0.119209
3 A 4.02511 0.0941118 0.0350302 0.10055 0.0482893 0.0178012 0.0100631 0.0212951 0.103423 0.00944575 0.0480586 0.0666621 0.0579763 0.0425166 0.0114234 0.111212 0.0386387 0.0751257 0.029973 0.0238569 0.0545465
4 K 3.90997 0.0847324 0.0331727 0.00429589 0.0174962 0.00403472 0.0303385 0.033422 0.024098 0.0543454 0.052855 0.214083 0.077929 0.0363312 0.0723247 0.0549005 0.0230849 0.0517838 0.0425769 0.0457676 0.0424277
5 L 3.92056 0.0728056 0.133877 0.00850027 0.043425 0.100062 0.0574384 0.0208365 0.032178 0.0590324 0.120813 0.0540099 0.00832238 0.0113765 0.0384192 0.00895303 0.00445511 0.0311377 0.0485726 0.0560738 0.0897116
6 L 3.58273 0.12441 0.0270825 0.0175336 0.014191 0.247678 0.00733792 0.0381311 0.0644555 0.0130513 0.145144 0.0771044 0.0109847 0.0176335 0.0207019 0.00749191 0.00418619 0.0377069 0.0346631 0.0332108 0.0573002
7 V 3.50544 0.0389486 0.269531 0.0226882 0.0127277 0.0404344 0.00977417 0.00643026 0.0752071 0.0101079 0.0528557 0.0569371 0.0287256 0.00675538 0.0275204 0.0164099 0.00445189 0.0310876 0.113797 0.159123 0.0164869
8 L 3.40693 0.0318595 0.0299711 0.0118864 0.0118522 0.129139 0.0247386 0.0128375 0.245778 0.0489677 0.231427 0.0549749 0.0127686 0.016089 0.0165254 0.013906 0.00587216 0.0105065 0.0170233 0.0447282 0.0291491
9 L 3.30017 0.0195238 0.0263522 0.00797708 0.0345564 0.0299586 0.00720781 0.0290903 0.0623697 0.0132661 0.18472 0.0663233 0.0211173 0.0176853 0.0152158 0.0134735 0.0223022 0.0525756 0.350073 0.0169587 0.00925362
10 Y 3.60732 0.0327527 0.050596 0.0141668 0.00622777 0.00905551 0.0213803 0.0550201 0.208048 0.00937577 0.0802486 0.104768 0.013282 0.00509242 0.0116775 0.00899784 0.0398364 0.102517 0.0498843 0.0166936 0.160378
11 A 3.59934 0.0718272 0.0252615 0.00666828 0.0481769 0.276418 0.0150276 0.0171651 0.0996339 0.00554105 0.0287863 0.0188125 0.0380865 0.0128838 0.0336897 0.00698712 0.12107 0.0194816 0.0658346 0.0624241 0.0262246
12 F 3.71324 0.0220223 0.0531972 0.007114 0.0261939 0.166558 0.00458134 0.0884842 0.0889953 0.0121966 0.0483314 0.029918 0.0227893 0.0214187 0.0258934 0.0151931 0.0530547 0.0782421 0.200361 0.0237123 0.0117437
13 V 3.82004 0.0612 0.0279598 0.0179848 0.0433773 0.0191438 0.0142988 0.0514284 0.0648553 0.015249 0.0560913 0.0526232 0.0166527 0.0240976 0.0128289 0.0374216 0.0522148 0.165789 0.207382 0.0380446 0.0213569
14 A 4.07263 0.113555 0.039502 0.0514429 0.0473939 0.0340914 0.139416 0.0301924 0.023435 0.0456532 0.0629648 0.0309716 0.0364607 0.0271181 0.0154846 0.102796 0.0533844 0.0256859 0.052439 0.049259 0.0187547
15 T 3.62458 0.0550473 0.0292038 0.0291674 0.0263061 0.0177018 0.0230832 0.0191071 0.0473031 0.0323386 0.00779173 0.0405228 0.0486864 0.0139752 0.0147235 0.0274438 0.0940464 0.310114 0.106826 0.0293938 0.0272174
16 D 3.78984 0.0902913 0.0263613 0.252704 0.0300977 0.0232628 0.0446878 0.0463484 0.0326696 0.0369586 0.0194201 0.0489004 0.05057 0.00658888 0.0259217 0.1102 0.0213662 0.0529787 0.0095565 0.0201408 0.0509752
17 A 3.55236 0.376271 0.0377124 0.0427123 0.0491658 0.022572 0.0486308 0.0255435 0.0259735 0.0248156 0.0159098 0.04579 0.0174864 0.0308137 0.0313657 0.0172453 0.0446715 0.0323676 0.0416588 0.045861 0.0234339
18 D 3.50789 0.045708 0.0190554 0.328487 0.0340603 0.0187951 0.0581291 0.0234813 0.0188647 0.0322264 0.00719926 0.0272232 0.0518832 0.0270785 0.0205685 0.0091326 0.0138522 0.0401758 0.0396932 0.0316514 0.152735
19 T 3.69156 0.00583967 0.014849 0.00800589 0.0468104 0.0122096 0.00268211 0.09283 0.0250157 0.0974014 0.025408 0.0215286 0.0315201 0.0029 0.104684 0.159002 0.167383 0.0767912 0.0256129 0.0303404 0.0491859
20 I 3.24711 0.0125259 0.0292849 0.018113 0.0168156 0.0199673 0.0125776 0.0192523 0.414405 0.0198883 0.0917436 0.0518942 0.0164644 0.0116912 0.0191095 0.0330955 0.0153259 0.0460863 0.104468 0.0278278 0.0194633
21 C 3.0655 0.014484 0.484469 0.0785599 0.0174174 0.037411 0.0192883 0.0151835 0.0181322 0.0250081 0.0181986 0.0303001 0.0224014 0.0196054 0.0194651 0.0361429 0.00923501 0.0220505 0.0116935 0.0649082 0.0360461
22 I 3.20676 0.0372095 0.0627014 0.0227632 0.0556641 0.0218013 0.01055 0.0173415 0.454645 0.0277511 0.0124901 0.0414596 0.0119974 0.020865 0.0198856 0.0245698 0.010394 0.0276065 0.0482076 0.0436423 0.0284543
23 G 3.09157 0.0264178 0.0425845 0.0476796 0.0263844 0.0176408 0.491424 0.0226659 0.0152658 0.0209604 0.0103475 0.0326138 0.0246436 0.0109574 0.0315835 0.0375349 0.0280434 0.0120994 0.0532888 0.0252858 0.0225788
24 Y 3.3952 0.0405966 0.0420573 0.0125754 0.0241804 0.0800326 0.00566676 0.0436879 0.0244831 0.0490497 0.00638245 0.110713 0.0188145 0.00683957 0.0794706 0.0070166 0.0250151 0.0473323 0.0075533 0.0193478 0.349186
25 H 3.67084 0.0844244 0.0418754 0.0347427 0.0175368 0.0117075 0.0322357 0.291075 0.00987079 0.0120279 0.0941965 0.0495542 0.0486428 0.00857002 0.0454683 0.0197137 0.0219734 0.0520041 0.0691347 0.0180581 0.0371872
26 A 3.20541 0.364864 0.0155736 0.0183708 0.0615777 0.0200713 0.0129119 0.020044 0.0148618 0.0167176 0.0073534 0.0347792 0.0918585 0.00672319 0.0167578 0.00681318 0.185673 0.024169 0.0259348 0.0365926 0.0183532
27 N 3.04678 0.0170858 0.0214667 0.119392 0.0198816 0.0175063 0.0077117 0.0166139 0.0252496 0.0314197 0.00690552 0.0277946 0.453608 0.0116859 0.0203294 0.0220876 0.0928113 0.0147581 0.00864795 0.0205817 0.0444627
28 N 2.83244 0.0116847 0.0166352 0.0315495 0.0114911 0.0419847 0.0293575 0.0159825 0.0259176 0.0237032 0.00718789 0.0505594 0.545935 0.0100079 0.0122632 0.0258443 0.0508445 0.0220912 0.0111645 0.025091 0.030705
29 S 3.07608 0.116402 0.0161129 0.0105267 0.0195927 0.0145966 0.0390546 0.0114101 0.0145555 0.0292157 0.00750598 0.0336247 0.161728 0.0272207 0.0108586 0.0198369 0.407256 0.0220196 0.00759408 0.0157721 0.015117
30 T 3.03391 0.0279208 0.0225908 0.0175653 0.0206377 0.0203805 0.0116499 0.0175338 0.0301958 0.0164012 0.0102146 0.0305972 0.0456757 0.026809 0.0170407 0.00983454 0.0663617 0.499697 0.034719 0.0474879 0.0266872
31 D 3.50022 0.0384392 0.016375 0.320536 0.0678485 0.0163523 0.021292 0.0184803 0.053973 0.0184169 0.02102 0.0356478 0.0385785 0.00721591 0.058939 0.00589812 0.0067347 0.143696 0.0255373 0.0369594 0.0480607
32 T 3.71886 0.027819 0.0330985 0.0418825 0.0783258 0.0215987 0.00901327 0.016069 0.057703 0.0116177 0.111495 0.062328 0.035648 0.0181299 0.025491 0.0442006 0.0302321 0.273405 0.0631841 0.0272983 0.0114599
33 V 3.09446 0.0427876 0.0267365 0.02791 0.0567022 0.0293767 0.0293522 0.0313071 0.0371506 0.0140191 0.0247123 0.0253268 0.018763 0.011654 0.0416833 0.00972631 0.00887667 0.0205969 0.490146 0.0266513 0.0265223
34 D 3.24747 0.0136634 0.0370723 0.448117 0.0408709 0.0248029 0.0371329 0.0288976 0.0260231 0.014824 0.0188762 0.0506454 0.0587905 0.0168066 0.0290714 0.0133144 0.0156677 0.0178203 0.0167525 0.036162 0.0546898
35 T 3.25455 0.0326487 0.0309507 0.0269748 0.0251369 0.0167804 0.0125533 0.0394182 0.0336946 0.0752433 0.0171769 0.0444654 0.0635028 0.0302238 0.0270194 0.0120674 0.0124309 0.440772 0.0176348 0.023457 0.017849
36 I 3.52492 0.096618 0.0233058 0.0202896 0.0159525 0.0417576 0.0145814 0.0185358 0.322528 0.0147723 0.0999289 0.0463804 0.012138 0.0882687 0.0123812 0.00816832 0.0269509 0.0233887 0.0358589 0.0288304 0.0493653
37 L 3.61288 0.0125026 0.00931967 0.0543527 0.0308066 0.00964698 0.0202974 0.00262939 0.046193 0.0306415 0.0510435 0.0269947 0.0356595 0.00694357 0.0764344 0.174353 0.232069 0.0887373 0.011026 0.0174335 0.0629164
38 E 3.35979 0.362975 0.0226896 0.0454265 0.150545 0.0116462 0.0177471 0.0145685 0.00879173 0.031559 0.0185285 0.0263315 0.0441954 0.00574142 0.0408473 0.0213784 0.0649359 0.0438992 0.0123608 0.0395287 0.016305
39 K 3.44863 0.0163808 0.0400121 0.0266125 0.0501285 0.0274408 0.0135808 0.0252892 0.0217434 0.304646 0.00881835 0.0783925 0.0484646 0.0110893 0.0163517 0.197042 0.0179203 0.0201556 0.0208269 0.0353547 0.019749
40 N 3.54168 0.0490192 0.027554 0.0420596 0.179724 0.0257733 0.0719621 0.0386759 0.0155563 0.0331912 0.0101736 0.0364494 0.287265 0.00977126 0.047677 0.00920808 0.0464597 0.0099729 0.013119 0.0244322 0.0219559
41 V 3.55195 0.0752523 0.0310594 0.0218156 0.0480482 0.0273955 0.0446943 0.0247406 0.0516301 0.020263 0.0559698 0.0465834 0.0596467 0.020087 0.0185058 0.0164986 0.0109887 0.0150173 0.357257 0.0276281 0.0269191
42 A 3.90792 0.0542629 0.0450162 0.0112917 0.0556223 0.0524518 0.0258913 0.0227693 0.0513016 0.162009 0.0396254 0.0525651 0.00701312 0.177332 0.0186975 0.0301469 0.0502573 0.0466193 0.0115179 0.0347991 0.0508098
43 V 4.14795 0.0512294 0.0449182 0.0491315 0.0653064 0.0360313 0.0478386 0.0328013 0.0487435 0.0497287 0.0146993 0.0557572 0.0475733 0.0406075 0.0389416 0.025282 0.0454817 0.0372664 0.165819 0.0539873 0.0488558
44 T 3.50402 0.0461248 0.023372 0.0306483 0.0387556 0.0829965 0.0263342 0.0346222 0.0429096 0.0417941 0.014493 0.0422719 0.0191169 0.00372786 0.0345277 0.0164824 0.0279075 0.374379 0.0234993 0.0408285 0.0352087
45 H 3.50637 0.0295695 0.0295848 0.0453816 0.0302886 0.0605912 0.0209905 0.381413 0.0177009 0.0191215 0.0111443 0.0297142 0.0393574 0.0254404 0.0598362 0.0234545 0.0506882 0.0231076 0.0185488 0.038902 0.0451643
46 S 3.91073 0.0774311 0.0369481 0.0439244 0.0255639 0.0490985 0.0197652 0.0293513 0.0400798 0.028246 0.0689587 0.0986813 0.0248564 0.0237865 0.0344772 0.0250808 0.231951 0.0227768 0.0178143 0.0526985 0.0485092
47 V 3.62199 0.0440591 0.0404967 0.0206466 0.0145497 0.0761513 0.00517664 0.00860921 0.0791167 0.0709963 0.045551 0.0445808 0.010441 0.00345022 0.0430533 0.050606 0.00360375 0.0187685 0.155593 0.0236205 0.24093
48 N 3.461 0.0148814 0.0137229 0.0528246 0.039673 0.0115739 0.0362062 0.0160039 0.0147716 0.0183911 0.0126446 0.0193225 0.24901 0.0278789 0.0313948 0.014769 0.204943 0.141466 0.0133078 0.0551924 0.0120227
49 L 3.30146 0.0135398 0.0174847 0.027799 0.0386482 0.11803 0.00857623 0.0147689 0.114415 0.0166375 0.377345 0.0585946 0.0213017 0.0234729 0.0423433 0.0113777 0.0155775 0.00960618 0.0252813 0.0222559 0.0229442
50 L 3.13425 0.0326128 0.018483 0.0162129 0.0196406 0.0462565 0.0118724 0.0150465 0.0482634 0.0305539 0.465252 0.082205 0.0211776 0.0282105 0.0240059 0.0126016 0.0113808 0.0102502 0.0556809 0.0256593 0.024634
51 E 3.48545 0.0869049 0.207058 0.0295341 0.126978 0.00521151 0.026025 0.0307775 0.151621 0.0650377 0.013179 0.0112696 0.00806516 0.00259204 0.0227138 0.00409445 0.0123394 0.136985 0.0327391 0.0223545 0.00452036
52 D 3.91712 0.034967 0.0171856 0.143113 0.104444 0.0123349 0.0541876 0.0990761 0.0282393 0.0767715 0.0269191 0.0478626 0.0246434 0.00301484 0.0134955 0.0143961 0.109345 0.0620992 0.0643424 0.0179829 0.0455807
53 S 4.03757 0.0809699 0.0330554 0.0171322 0.104255 0.0307267 0.0667165 0.0548205 0.0461555 0.0336515 0.0588839 0.00978398 0.0422097 0.00305868 0.0795174 0.0335568 0.0850047 0.122289 0.0278124 0.0206097 0.049791
54 H 3.50166 0.194825 0.0103942 0.0189977 0.0276626 0.0223396 0.00989942 0.257993 0.00752469 0.00841528 0.00565369 0.0270236 0.0452596 0.018757 0.0154798 0.0403896 0.097517 0.0433454 0.0246147 0.0441971 0.0797098
55 N 3.06526 0.0129307 0.0204673 0.0354372 0.0258895 0.0320032 0.0414485 0.0336208 0.0401433 0.0413537 0.0173969 0.0316345 0.499713 0.0137786 0.0209993 0.00909229 0.0396331 0.0260131 0.0115593 0.0276382 0.0192482
56 G 3.62669 0.0604649 0.0156071 0.0239075 0.0456303 0.00970254 0.127874 0.23493 0.0110685 0.0457478 0.00303909 0.021899 0.0741857 0.0101854 0.0832416 0.00947134 0.103335 0.00862346 0.00697877 0.0507757 0.0533333
57 K 3.4498 0.152495 0.0115762 0.0256815 0.00862181 0.0122122 0.00613419 0.187919 0.00397366 0.0912043 0.0392495 0.0140046 0.00778593 0.00468238 0.0554909 0.0724714 0.00544955 0.00318716 0.105331 0.0263149 0.166214
58 L 3.17772 0.014814 0.020583 0.0175774 0.0385369 0.0168029 0.0170363 0.0144227 0.0612583 0.0539566 0.456595 0.0585133 0.0118015 0.0342986 0.0211272 0.016024 0.0383393 0.0122561 0.0565546 0.0221923 0.0173096
59 C 3.0808 0.015823 0.488942 0.0177254 0.017339 0.0487513 0.0490943 0.0179245 0.00971277 0.01725 0.0331579 0.0313255 0.0196944 0.0199021 0.0257962 0.0263332 0.0361133 0.0111061 0.0145343 0.0567042 0.0427711
60 K 3.76417 0.0548044 0.0106687 0.0272019 0.0112509 0.0520425 0.00386916 0.0387295 0.0021867 0.101296 0.0399112 0.0364945 0.105642 0.00659667 0.0107086 0.0933554 0.0980291 0.114748 0.00186349 0.0531104 0.137491
61 L 2.93336 0.00653783 0.00810688 0.0239173 0.0171672 0.0326618 0.00847164 0.00881555 0.225246 0.00797154 0.336553 0.0580939 0.00593377 0.00417512 0.0124271 0.00413137 0.0166335 0.00552377 0.171977 0.0257567 0.0198985
62 K 3.61186 0.0500551 0.00522891 0.0201178 0.0283446 0.11611 0.0334116 0.0289189 0.00375298 0.0914335 0.00628348 0.0559446 0.185493 0.00718311 0.0304357 0.0315325 0.0416915 0.0218971 0.00624305 0.0332229 0.2027
63 G 3.33821 0.0122148 0.0243181 0.020252 0.0491644 0.0192447 0.396005 0.0185722 0.0242558 0.0291102 0.00871034 0.0368756 0.0445092 0.0119433 0.0283436 0.0358301 0.123365 0.0130119 0.0404575 0.0459452 0.0178707
64 I 3.63457 0.0410176 0.00543077 0.0310183 0.0503508 0.00890306 0.0555405 0.263641 0.129562 0.0192364 0.00753005 0.0691675 0.0311074 0.00938623 0.0436009 0.0319858 0.0368482 0.0227045 0.109348 0.0156138 0.018008
65 A 3.73299 0.0755544 0.0033258 0.0532346 0.235992 0.00610754 0.040118 0.0104129 0.0114893 0.0701312 0.00696656 0.0397579 0.0304624 0.0614829 0.0715913 0.0316057 0.0420099 0.0567513 0.0189811 0.0174987 0.116526
66 P 3.21475 0.108861 0.023217 0.0319054 0.0184238 0.0360917 0.021527 0.0440798 0.0185034 0.0195967 0.0165805 0.0359229 0.0170584 0.441295 0.0156127 0.00985918 0.0232893 0.0351013 0.0157228 0.0422486 0.0251029
67 L 3.43369 0.0126546 0.0258778 0.0199533 0.0238478 0.0813742 0.0133976 0.0143735 0.0466623 0.0349052 0.369671 0.0518615 0.0197997 0.0310763 0.0233184 0.0314051 0.014271 0.0203132 0.110358 0.0372742 0.017606
68 Q 4.05777 0.0527896 0.0112266 0.116357 0.0973588 0.0227351 0.0141094 0.0491063 0.048822 0.0239741 0.110551 0.0775378 0.0302661 0.0276813 0.0714245 0.0222567 0.0334351 0.0543077 0.0373139 0.0248078 0.0739409
69 L 2.96165 0.0110477 0.0188638 0.0212844 0.0404577 0.075302 0.0156031 0.0158952 0.0284331 0.0137892 0.503489 0.031425 0.0641691 0.012053 0.0172826 0.00747019 0.0450762 0.00708223 0.0252957 0.0277487 0.0182321
70 G 3.84687 0.0392236 0.00944357 0.158914 0.0848677 0.0469943 0.130825 0.0714655 0.0214621 0.0260248 0.0350153 0.0608352 0.08726 0.00178164 0.102593 0.0217839 0.0291209 0.0147254 0.0123446 0.0164678 0.0288512
71 K 3.64527 0.00702274 0.00834933 0.00563117 0.0459198 0.0207545 0.0650154 0.0159372 0.0290622 0.0398984 0.0417145 0.0510831 0.0287252 0.261245 0.0385976 0.0217805 0.0326275 0.0403919 0.0400054 0.0292052 0.177034
72 C 2.53587 0.0145047 0.616528 0.0198127 0.0204917 0.0377438 0.0139206 0.0133173 0.0119762 0.0240952 0.0141099 0.0281203 0.0132761 0.00652753 0.0210378 0.0327728 0.0283893 0.0100253 0.0147738 0.0199308 0.0386471
73 N 3.5355 0.0520328 0.0120275 0.0969647 0.0464106 0.0193386 0.0503075 0.0187399 0.00662251 0.0260386 0.00251152 0.0289615 0.196454 0.0100979 0.153812 0.00793891 0.180057 0.0443722 0.00436471 0.0194044 0.0235427
74 I 3.03514 0.00572953 0.00706674 0.0123682 0.0152286 0.134857 0.00648452 0.00821392 0.289036 0.0157301 0.191025 0.0416325 0.0206042 0.00643235 0.00996809 0.00297691 0.00940133 0.014205 0.180661 0.0212397 0.00713865
75 T 3.75228 0.0154284 0.0233623 0.00322634 0.00512079 0.0183412 0.00752689 0.0693912 0.0865144 0.0263848 0.198954 0.0983653 0.0378279 0.0682668 0.0499545 0.00975645 0.0475743 0.129134 0.0297907 0.0174323 0.0576485
76 G 2.98326 0.0548676 0.027602 0.0200131 0.0497007 0.0267316 0.512363 0.0190933 0.0163619 0.0295099 0.00836953 0.0301824 0.0229844 0.0101828 0.0203011 0.0249356 0.0131322 0.0203115 0.0562481 0.0213649 0.0157446
77 W 3.09394 0.015682 0.0503522 0.0222187 0.0406752 0.0286496 0.0501299 0.0191509 0.0159336 0.0276343 0.0471971 0.0207201 0.0191013 0.016351 0.0597693 0.0196629 0.00896362 0.0169437 0.0159067 0.484325 0.0206325
78 L 3.33898 0.0103591 0.0169693 0.0195157 0.0165769 0.0458501 0.00712375 0.0357849 0.0561577 0.0165682 0.33641 0.0377835 0.0248003 0.0600085 0.019404 0.0456646 0.00697743 0.013058 0.191544 0.0275224 0.0119217
79 L 3.07216 0.00724655 0.0151176 0.00969846 0.0238994 0.030483 0.00734947 0.0111517 0.110916 0.0266524 0.452487 0.0743762 0.00917869 0.0218256 0.0348587 0.0140756 0.0188519 0.0469053 0.0166099 0.0519587 0.0163578
80 G 2.76155 0.0942982 0.0229372 0.0166038 0.0276818 0.0123987 0.532139 0.0138497 0.0119986 0.0150309 0.00521618 0.030749 0.0134284 0.00839877 0.0168333 0.0818747 0.00707161 0.0111754 0.0371092 0.0263098 0.0148959
81 N 3.27854 0.0821326 0.026214 0.112684 0.0216934 0.0159443 0.00723744 0.125895 0.0123934 0.0330916 0.00595697 0.0205402 0.342968 0.00476861 0.0142095 0.00592118 0.0894228 0.0316563 0.0127568 0.0118756 0.0226392
82 P 2.7429 0.0178869 0.0807404 0.0245405 0.0142603 0.0127567 0.0121813 0.0110256 0.0199602 0.0149023 0.0695007 0.0214994 0.00971289 0.551688 0.0202915 0.00579917 0.0117184 0.0293822 0.0248245 0.023822 0.0235061
83 E 3.72503 0.0506647 0.029351 0.0265872 0.254414 0.0394306 0.0349926 0.0342452 0.0123977 0.0466195 0.0441661 0.0128871 0.118743 0.00385826 0.0448607 0.00434419 0.0446837 0.0366331 0.0241505 0.10737 0.0295987
84 C 3.0461 0.0132055 0.4963 0.020405 0.0317353 0.047324 0.0243577 0.0220401 0.0439484 0.0194973 0.0076253 0.0414048 0.0240082 0.0103216 0.019583 0.0159622 0.0257205 0.0210931 0.0125816 0.0539437 0.0489435
85 D 3.09912 0.00913983 0.0148152 0.441644 0.138585 0.0156312 0.0455259 0.0151369 0.0187478 0.0139338 0.0315185 0.0374763 0.0510362 0.00753056 0.0322885 0.00893083 0.011718 0.0118817 0.0300247 0.0294445 0.0349907
86 S 3.99045 0.0485778 0.00477221 0.0574019 0.0676479 0.031447 0.0101965 0.0907917 0.0316603 0.0153728 0.134417 0.0849291 0.0428593 0.0421589 0.0480732 0.0162945 0.058802 0.0375467 0.0192078 0.0342717 0.123572
87 L 3.13143 0.0513325 0.016708 0.0216158 0.0206746 0.0382361 0.0123372 0.0117752 0.220162 0.0157944 0.372824 0.0470701 0.0124528 0.019887 0.0490298 0.00539954 0.013691 0.00670862 0.0170136 0.0310022 0.0162856
88 L 3.82421 0.0706291 0.00781563 0.0156277 0.0424428 0.0586793 0.0422585 0.0133958 0.155613 0.0162732 0.181113 0.0439702 0.0308847 0.0235397 0.0295981 0.00742927 0.0375498 0.0419867 0.0925718 0.0133961 0.0752254
89 P 4.02453 0.0537148 0.00585856 0.104281 0.00854591 0.037953 0.0724373 0.044815 0.0630417 0.0106891 0.0608804 0.0840055 0.0309534 0.0544524 0.0272597 0.00558042 0.0430847 0.0910044 0.0896968 0.0283449 0.0834008
90 A 3.75247 0.0558468 0.0049568 0.0625441 0.045764 0.239156 0.00679365 0.0654438 0.0597191 0.00528505 0.0972943 0.0101076 0.0233994 0.0391472 0.0203686 0.0397651 0.0623029 0.0849779 0.0454812 0.0198595 0.0117876
91 R 3.80707 0.0489452 0.00533638 0.0114161 0.20857 0.0273468 0.00790565 0.0485785 0.0567634 0.0420339 0.0475162 0.024601 0.150168 0.00787363 0.0678194 0.0532342 0.0596104 0.0496196 0.0215344 0.0186115 0.0425169
92 S 3.42967 0.00671074 0.00570574 0.144008 0.114766 0.0207999 0.0186482 0.00331899 0.0109285 0.0181753 0.0158151 0.0146669 0.0321996 0.0385145 0.301031 0.009529 0.0579568 0.0252773 0.0448279 0.0801507 0.0369696
93 W 3.30992 0.0269449 0.022903 0.0297592 0.0559486 0.0409905 0.0144163 0.0219862 0.01508 0.0174101 0.0607682 0.0412525 0.0338599 0.0155989 0.0197094 0.0587539 0.0101035 0.0172302 0.0173708 0.425128 0.0547856
94 S 2.97303 0.0524093 0.0152847 0.0141507 0.0102991 0.0567269 0.323749 0.00909217 0.00714703 0.00852893 0.00505558 0.0229299 0.00959114 0.081359 0.0121732 0.0118909 0.295262 0.0175499 0.00878413 0.0269228 0.0110944
95 Y 2.72578 0.0108815 0.0477133 0.0239438 0.0177789 0.025324 0.0209153 0.0333464 0.00948902 0.0164362 0.00875195 0.030242 0.0349648 0.0186662 0.020062 0.00825336 0.0314466 0.0103103 0.0343519 0.0232928 0.573829
96 I 3.19792 0.00839247 0.0142931 0.0294843 0.0126661 0.0496354 0.00787743 0.0250747 0.349014 0.0118 0.0701368 0.0205624 0.0444887 0.00547291 0.0206495 0.0160512 0.0169438 0.0312681 0.22294 0.0187854 0.0244636
97 V 3.16907 0.0752109 0.0199361 0.0392435 0.0517412 0.0133838 0.0119031 0.0483687 0.104844 0.0120882 0.0184164 0.0323145 0.0243772 0.00581684 0.014228 0.0138801 0.0224493 0.0185129 0.43368 0.0292477 0.0103571
98 E 3.264 0.0127448 0.0191692 0.0621807 0.412854 0.0150185 0.0390853 0.0110018 0.03892 0.0333752 0.065367 0.0240203 0.0270508 0.0148369 0.0370717 0.00918018 0.014281 0.0115655 0.106337 0.0315365 0.0144038
99 T 3.64275 0.0667913 0.00479479 0.0857883 0.14687 0.0132849 0.0335184 0.00529198 0.0309604 0.0255487 0.0963833 0.00858092 0.0262871 0.0290646 0.0270211 0.0192441 0.230075 0.0872691 0.0282543 0.00785612 0.027116
100 P 3.49222 0.0335641 0.00390661 0.0124204 0.0291845 0.0176751 0.0118557 0.0411413 0.00766556 0.0062898 0.0456933 0.177449 0.0205581 0.0692955 0.107513 0.0166683 0.00690109 0.0561482 0.0519688 0.263032 0.02107
101 N 3.81796 0.0330238 0.0425615 0.184729 0.0821489 0.00762596 0.126405 0.0107868 0.0155073 0.0292654 0.0160385 0.0552555 0.0643309 0.00697375 0.0892629 0.0713848 0.0641454 0.0141034 0.0217931 0.0103404 0.0543173
102 S 3.45423 0.0227463 0.0345327 0.0340777 0.00738343 0.0441502 0.0536635 0.00555796 0.00970266 0.00766575 0.00194164 0.0233633 0.250795 0.050008 0.190296 0.0076094 0.0882615 0.0857272 0.0056395 0.0124214 0.064457
103 E 3.80397 0.062872 0.07622 0.0500586 0.122794 0.0430474 0.0109384 0.0110798 0.0151956 0.0307705 0.0280579 0.0142055 0.0236557 0.0380946 0.2294 0.0394388 0.0191964 0.086245 0.0537811 0.0250966 0.0198515
104 N 3.91638 0.0360544 0.0357562 0.042608 0.0305976 0.0716955 0.00933683 0.0940341 0.0634164 0.0139394 0.0400102 0.0312269 0.0738601 0.00673571 0.0308939 0.0309017 0.0346488 0.0248841 0.160035 0.0216828 0.147682
105 G 3.09866 0.07959 0.016099 0.0181145 0.0283701 0.0224812 0.457689 0.0142065 0.00774331 0.011069 0.00701624 0.0294138 0.071978 0.0106692 0.0192869 0.0501856 0.0371939 0.00721222 0.0540038 0.0432855 0.0143924
106 A 3.87558 0.139383 0.0319535 0.0113687 0.0448583 0.100468 0.0122465 0.0115251 0.0212767 0.0191979 0.0867517 0.0502708 0.0524627 0.129595 0.10604 0.00710816 0.0486105 0.0220522 0.06286 0.0307161 0.0112551
107 C 2.71873 0.0116969 0.569726 0.0167676 0.0212998 0.0219121 0.0124747 0.0204385 0.0169718 0.0181877 0.00914877 0.0331173 0.0240441 0.0152367 0.0231565 0.0213498 0.0194654 0.00941494 0.0158204 0.0653213 0.0544495
108 Y 2.96927 0.014065 0.0614915 0.0371743 0.0174712 0.0497983 0.0103437 0.0301669 0.0132995 0.016925 0.0155686 0.0252902 0.0200764 0.0215579 0.0704752 0.0129027 0.0276387 0.0145639 0.0102752 0.0243362 0.50658
109 P 2.90917 0.02942 0.020423 0.0190958 0.0183837 0.0220461 0.00978292 0.0289449 0.0216364 0.0154237 0.0428725 0.0257936 0.0212879 0.539888 0.0347121 0.0173235 0.0193457 0.0324884 0.0131214 0.0300651 0.0379452
110 G 3.11866 0.00810934 0.0251095 0.0154702 0.123542 0.0213586 0.436906 0.0137282 0.0159904 0.0206965 0.00792424 0.0750818 0.0185708 0.0167239 0.0136183 0.0438931 0.00817287 0.0253193 0.054575 0.0351031 0.0201074
111 D 3.89794 0.00837902 0.0467282 0.173032 0.0542887 0.0483346 0.0131367 0.057335 0.0258705 0.0727741 0.02941 0.0153262 0.0479699 0.0244882 0.00864551 0.02855 0.109953 0.0300481 0.116999 0.0171192 0.0716119
112 L 3.39877 0.00659235 0.0317807 0.0116978 0.012674 0.16081 0.00464948 0.0354762 0.10322 0.0126212 0.172659 0.0187452 0.0176544 0.0100522 0.0129258 0.0210611 0.0159812 0.0153908 0.21985 0.106786 0.00937167
113 I 4.07134 0.0823442 0.0204586 0.0850032 0.0499334 0.0776586 0.0837738 0.0852638 0.0429399 0.00235498 0.0350958 0.0686199 0.0392188 0.00285771 0.0462872 0.0224181 0.0202819 0.0479021 0.0449634 0.0801396 0.0624852
114 D 3.5332 0.10316 0.0156431 0.30718 0.0471609 0.040736 0.0225283 0.0333198 0.00814064 0.0120412 0.0792316 0.0836916 0.0429161 0.0163192 0.0766652 0.00506995 0.0358867 0.00792261 0.00763308 0.0159531 0.0388004
115 Y 3.69247 0.0277018 0.0166368 0.0205951 0.00942517 0.0233081 0.0437124 0.0214788 0.0630073 0.00424428 0.107005 0.22001 0.0363859 0.0342898 0.0424712 0.0104798 0.0567345 0.0381326 0.0318552 0.0176344 0.174891
116 E 3.50089 0.125724 0.0585251 0.0153247 0.239031 0.101318 0.0579619 0.060805 0.00747974 0.0315044 0.0164338 0.0125329 0.00947971 0.13054 0.0759355 0.00576369 0.00271942 0.00431358 0.0124989 0.0238809 0.00822806
117 E 3.27933 0.0120465 0.0231236 0.0468724 0.425579 0.0722105 0.0301406 0.0150821 0.0554525 0.0513668 0.00662114 0.0480163 0.0284431 0.0165158 0.0217981 0.0114027 0.0230938 0.0180911 0.0336713 0.0496984 0.0107746
118 L 2.7884 0.00959846 0.0208324 0.0165751 0.016747 0.0185512 0.00861882 0.00997713 0.016838 0.0101636 0.540298 0.0779197 0.0234313 0.0265749 0.0586626 0.00617343 0.00791689 0.0207333 0.0337032 0.0299302 0.0467547
119 R 3.417 0.0042979 0.0993326 0.00684601 0.0122573 0.197268 0.0162998 0.00878504 0.0139428 0.0540627 0.051774 0.0478219 0.0240296 0.00225282 0.00576046 0.150609 0.00378594 0.020535 0.0315475 0.0392867 0.209506
120 E 3.2553 0.0559689 0.0307168 0.0539711 0.448227 0.0372548 0.0362163 0.0285251 0.0219172 0.0504667 0.0282943 0.0332482 0.0192193 0.00942295 0.0223572 0.0107878 0.0178219 0.0175096 0.016288 0.0328357 0.0289516
121 Q 3.42745 0.0137562 0.0275736 0.0444959 0.0342175 0.0265351 0.0115972 0.109498 0.014018 0.0480955 0.0190952 0.0546623 0.0239937 0.0114644 0.374087 0.0213719 0.0122628 0.0547602 0.0169529 0.0362342 0.045329
122 L 3.17817 0.0239057 0.0197566 0.0183361 0.0192924 0.0506666 0.00729176 0.0154953 0.0471967 0.027185 0.399681 0.0557188 0.0131453 0.00902091 0.0258412 0.00820981 0.172262 0.0128724 0.0304996 0.0230272 0.0205951
123 S 3.95699 0.0209188 0.0845535 0.0266907 0.0137555 0.0682325 0.0484277 0.0272574 0.158357 0.0265301 0.0415225 0.0279471 0.118191 0.00836456 0.0312518 0.0743565 0.0964809 0.0377761 0.0454116 0.0293213 0.0146538
124 S 3.83499 0.0727566 0.0111491 0.0236911 0.0198481 0.0142271 0.0579058 0.00622032 0.0598495 0.0109344 0.130934 0.0262412 0.0180187 0.0165549 0.086716 0.0207209 0.130288 0.0284179 0.121224 0.0348395 0.109463
125 V 3.28472 0.212934 0.0251798 0.0127242 0.0264269 0.068943 0.00558082 0.0064183 0.0479908 0.0117137 0.0206201 0.0161426 0.00630144 0.00433477 0.00887751 0.00572487 0.0706419 0.217722 0.194127 0.0227066 0.0148909
126 S 3.87503 0.0231062 0.0062584 0.0711745 0.165943 0.0390278 0.108408 0.00577995 0.013979 0.0660508 0.0601001 0.110883 0.0386076 0.0100543 0.0206509 0.0308283 0.0700035 0.0173374 0.0442598 0.0211516 0.076396
127 S 3.98513 0.0777865 0.0302892 0.0119147 0.0316354 0.0106261 0.0339774 0.0492721 0.021634 0.0794476 0.132722 0.040906 0.00665825 0.0138702 0.0633126 0.0712046 0.0916217 0.0767341 0.0989904 0.0380452 0.0193523
128 L 3.16331 0.0846691 0.00898111 0.00738313 0.00630791 0.0202198 0.0313481 0.0436667 0.0361141 0.00825357 0.111915 0.381655 0.00742813 0.00419375 0.0106407 0.00409206 0.0232794 0.00527158 0.104767 0.0353799 0.0644326
129 E 3.66429 0.0721947 0.0207293 0.149192 0.240069 0.011757 0.0154841 0.0616086 0.0501044 0.0712279 0.012205 0.026497 0.0112386 0.00695679 0.0219513 0.00641968 0.0355749 0.0787364 0.0592653 0.0311626 0.017626
130 R 3.28113 0.0202938 0.0361035 0.0403602 0.0223793 0.0209685 0.0905572 0.0259486 0.0513676 0.0280406 0.0121299 0.045006 0.0206331 0.0162493 0.0215667 0.429625 0.021585 0.00901384 0.0216975 0.0468471 0.019628
131 F 3.43675 0.0182582 0.0180959 0.0347177 0.0210956 0.402106 0.0153074 0.038726 0.0181849 0.0281056 0.0411743 0.0470915 0.018826 0.0449016 0.0244705 0.0133249 0.0396603 0.0320528 0.0333178 0.0499161 0.060667
132 E 3.70782 0.112634 0.0389289 0.0276358 0.286367 0.0255459 0.0228708 0.0219457 0.0219246 0.0549827 0.0398201 0.0468331 0.0219336 0.0980905 0.019284 0.0132544 0.0401585 0.0184758 0.0292566 0.0284667 0.0315917
133 I 3.37117 0.0206769 0.0457564 0.0359484 0.0261868 0.0402267 0.0185262 0.0273507 0.425545 0.0291588 0.0363438 0.0523254 0.0348776 0.0191425 0.0241871 0.01199 0.015184 0.036777 0.041368 0.0362821 0.0221465
134 F 3.15171 0.0237281 0.0602044 0.0343091 0.0232538 0.473098 0.0122104 0.0205982 0.0306941 0.0275224 0.0480688 0.0562989 0.0222906 0.00906642 0.0185767 0.0127498 0.0294224 0.0178457 0.0304532 0.0281382 0.0214707
135 P 3.67275 0.0193058 0.00998074 0.0534931 0.161599 0.0364426 0.0220921 0.0267681 0.0109766 0.0510246 0.00927025 0.0102222 0.128486 0.175046 0.0462898 0.0233997 0.135193 0.0298797 0.0165953 0.0221726 0.0117626
136 K 4.00191 0.0579461 0.00355977 0.0382479 0.0474436 0.157516 0.0240496 0.0452984 0.0127602 0.0938436 0.0949136 0.0612478 0.024813 0.0288605 0.025924 0.0365525 0.0421602 0.0567402 0.0802763 0.0533838 0.0144625
137 E 3.81226 0.057036 0.00327648 0.126829 0.109794 0.0650759 0.0425584 0.106253 0.0587202 0.0146535 0.0300529 0.00658517 0.119653 0.0344991 0.0487205 0.00169214 0.096009 0.0476974 0.013528 0.00987839 0.00748653
138 S 3.89789 0.171767 0.00774162 0.00424958 0.0455292 0.0341017 0.0244859 0.0418313 0.0566081 0.00757137 0.0454514 0.0625191 0.0256873 0.00931155 0.0510208 0.031037 0.090895 0.0778138 0.0241853 0.0770648 0.111128
139 S 3.36649 0.188831 0.00317149 0.0023395 0.00665878 0.0449356 0.0211676 0.0196306 0.0247941 0.0311202 0.00748676 0.00806572 0.0228799 0.00442703 0.0066644 0.0257024 0.0761017 0.0542432 0.190944 0.215251 0.0455852
140 W 2.9583 0.0132746 0.0605587 0.0143898 0.0191542 0.100209 0.0219182 0.0122652 0.0129466 0.0161169 0.0133817 0.0218263 0.0141082 0.00608183 0.0124236 0.0181675 0.013029 0.0156162 0.0107301 0.431509 0.172293
141 P 3.7587 0.0435401 0.00831068 0.00711178 0.112696 0.00795214 0.0373401 0.00981234 0.0752693 0.0443104 0.0245281 0.0659536 0.00621715 0.192665 0.0924077 0.0201416 0.0688159 0.108101 0.0433871 0.0123664 0.0190735
142 N 2.68339 0.00763911 0.0137436 0.0320812 0.0103777 0.00879785 0.00727887 0.0700074 0.0104152 0.060538 0.00949653 0.019493 0.558152 0.00656982 0.0467278 0.0185691 0.0156553 0.0139907 0.00938624 0.0418813 0.0391999
143 H 3.39838 0.0336107 0.00578794 0.00797601 0.00549356 0.250001 0.00308561 0.131807 0.0190183 0.0058164 0.0366562 0.139277 0.0394694 0.0106993 0.0174696 0.00374502 0.0318421 0.0201234 0.0865058 0.0195085 0.132107
144 T 2.94617 0.0233267 0.0126477 0.00886763 0.0676667 0.00756133 0.337034 0.0114822 0.0484393 0.0127134 0.00307944 0.0138493 0.0286625 0.0210538 0.0275837 0.00391805 0.04947 0.294739 0.00548419 0.0142398 0.0081806
145 F 3.42938 0.0734801 0.00307539 0.213296 0.268284 0.0617144 0.0227269 0.0218228 0.0155785 0.00865081 0.0353411 0.0585599 0.0240609 0.00313275 0.0251456 0.00462212 0.0258862 0.0138684 0.0172596 0.0627992 0.040695
146 N 3.9421 0.0667061 0.00543962 0.138204 0.0935816 0.0293998 0.0383333 0.036303 0.0190732 0.0139292 0.0160314 0.0669868 0.0697706 0.0362456 0.118089 0.0376012 0.0210793 0.0108825 0.0696046 0.0202359 0.0925032
147 G 3.82179 0.0159714 0.0301252 0.0606789 0.0462555 0.0316574 0.273104 0.0381537 0.0183471 0.0637079 0.0349475 0.0357874 0.0780043 0.0145457 0.0687296 0.0236355 0.0457241 0.0274698 0.0437562 0.0293747 0.0200246
148 V 3.60103 0.0481794 0.00319619 0.00582241 0.0244648 0.00284366 0.0171485 0.0584766 0.181967 0.00399246 0.0205014 0.0628194 0.110239 0.0277679 0.022239 0.00351582 0.121434 0.157303 0.0788591 0.01481 0.0344196
149 T 3.31535 0.0395577 0.0253861 0.0237237 0.0575686 0.0296587 0.00978851 0.0211578 0.0329192 0.019318 0.00687858 0.0625069 0.052585 0.00748431 0.0153393 0.00607449 0.138073 0.376783 0.0391907 0.025033 0.0109727
150 V 3.54524 0.278803 0.00290415 0.0188641 0.0252394 0.102214 0.0240327 0.00757898 0.0487324 0.00207028 0.0776134 0.0352306 0.0337101 0.018942 0.0267267 0.000880904 0.122148 0.0695716 0.040083 0.0448252 0.0198297
151 S 3.6428 0.234659 0.0372664 0.0350905 0.00914435 0.0171465 0.0303038 0.0179604 0.010822 0.0637095 0.0660538 0.0411088 0.0369533 0.0147393 0.0441119 0.042506 0.207389 0.0105651 0.0251969 0.0192651 0.0360086
152 C 3.34443 0.0110415 0.405462 0.0408899 0.0212752 0.0486177 0.0517836 0.0374153 0.0107657 0.0139002 0.00916548 0.0216286 0.0168508 0.0415597 0.0256224 0.024371 0.0221238 0.0164753 0.0818796 0.0690093 0.0301625
153 S 3.85393 0.00789009 0.00684528 0.0203113 0.0556667 0.0877417 0.0389077 0.0873165 0.106161 0.0233869 0.00546224 0.0295123 0.0192307 0.10982 0.0568963 0.0056135 0.0271586 0.125346 0.0350701 0.0300254 0.121638
154 H 3.7848 0.0742926 0.0339576 0.213288 0.0669491 0.0368558 0.00906324 0.0336037 0.0245689 0.011753 0.0248517 0.111987 0.0807165 0.00371533 0.0451068 0.0378734 0.0228071 0.0342518 0.0153051 0.106812 0.0122421
155 R 3.99127 0.0555705 0.00426563 0.0151257 0.0419518 0.0176346 0.0733717 0.0191143 0.0663653 0.0926007 0.0273576 0.0560782 0.0593687 0.00483049 0.103605 0.0567416 0.0714048 0.0342828 0.0267438 0.038061 0.135526
156 G 3.36633 0.0478863 0.0196065 0.0237675 0.0324968 0.0129781 0.0749465 0.138478 0.0108258 0.00901244 0.00639576 0.0323598 0.0486201 0.01823 0.0221535 0.00769086 0.36014 0.0227524 0.0382169 0.0165108 0.0569324
157 K 3.93541 0.0534418 0.00440296 0.155152 0.0301434 0.0507339 0.0145435 0.0317831 0.128492 0.049191 0.0552008 0.0455331 0.106115 0.0173002 0.0537103 0.0191978 0.059655 0.026125 0.0668047 0.0118578 0.0206159
158 S 3.72026 0.157711 0.0118436 0.0329512 0.0465801 0.0051164 0.013411 0.0882502 0.0519189 0.0117175 0.0963635 0.203119 0.015448 0.021156 0.067463 0.0170347 0.0582753 0.0463799 0.0166313 0.0168211 0.0218082
159 S 3.57343 0.0651003 0.00699511 0.0484528 0.231886 0.0281535 0.179351 0.0322541 0.0109957 0.0398328 0.0049177 0.0198909 0.0353601 0.0187769 0.050996 0.0162461 0.116858 0.0624245 0.0079329 0.0157129 0.00786315
160 F 3.21758 0.00950241 0.0574162 0.0754409 0.015363 0.432798 0.0178011 0.0386764 0.0163461 0.0252459 0.0261477 0.0296855 0.0191441 0.00819442 0.0182873 0.0223618 0.0245123 0.00881787 0.0188969 0.0802865 0.0550758
161 Y 2.78106 0.00960027 0.0487955 0.0605532 0.0152934 0.0322872 0.0107374 0.0430818 0.0105474 0.0107401 0.0178807 0.0319138 0.0199054 0.0270989 0.0145361 0.0122188 0.0129612 0.0191097 0.00846794 0.0435317 0.550739
162 R 3.27032 0.0287836 0.0169101 0.0135225 0.0159666 0.0106353 0.0435352 0.237437 0.00678395 0.131281 0.0145939 0.0339296 0.105669 0.00330748 0.00947938 0.240578 0.0479016 0.00804357 0.00563656 0.0172249 0.00878085
163 N 2.8143 0.0224089 0.0138409 0.0781527 0.0240396 0.0166815 0.0104913 0.0245136 0.0237747 0.0445937 0.00599919 0.0275908 0.543063 0.00772439 0.0179175 0.0106781 0.0369858 0.0221459 0.0168254 0.0348371 0.0177363
164 L 2.87724 0.0065331 0.015709 0.0108632 0.00969205 0.0458887 0.0077611 0.00809124 0.397411 0.0295284 0.222074 0.109513 0.0117205 0.00405426 0.00966894 0.00418567 0.012863 0.013583 0.0433446 0.0280827 0.00943278
165 L 3.77673 0.0538695 0.0158851 0.0346923 0.0253124 0.0436175 0.0992071 0.116428 0.0493842 0.0154105 0.241666 0.047271 0.00873172 0.0106433 0.0315481 0.0258244 0.0473812 0.0216297 0.066841 0.0301429 0.0145134
166 W 2.72417 0.012658 0.0441489 0.0172344 0.0223301 0.0485196 0.0178351 0.0411782 0.0111906 0.0127962 0.0101742 0.030799 0.0153973 0.0189733 0.0146071 0.0516488 0.0244735 0.0104042 0.0159901 0.568361 0.0112805
167 L 2.826 0.00516581 0.011293 0.0092848 0.0226678 0.00936853 0.0102528 0.0075768 0.155205 0.0107676 0.231405 0.0510048 0.0241779 0.0153042 0.0108508 0.00711979 0.00382308 0.01426 0.375339 0.0179041 0.00722795
168 T 3.80845 0.0355044 0.0778966 0.0122635 0.0220419 0.0915669 0.0702782 0.00499322 0.0773879 0.0272324 0.0353123 0.0216174 0.0478976 0.00247354 0.0309474 0.0130439 0.0300628 0.170568 0.0626713 0.0156504 0.150591
169 K 3.57214 0.305701 0.0198826 0.00472724 0.048092 0.0087392 0.0644591 0.0450373 0.0218171 0.0963904 0.0405566 0.0436117 0.0559191 0.0145027 0.0393207 0.00888064 0.100273 0.0325897 0.0232998 0.0201195 0.00608024
170 K 3.73331 0.162729 0.00401983 0.0184664 0.0787044 0.0185466 0.00846409 0.0311076 0.0317771 0.0523306 0.0389159 0.214703 0.022456 0.00522029 0.0696001 0.0554743 0.0451805 0.00886374 0.0506167 0.0328945 0.0499284
171 G 3.99361 0.0351302 0.00341341 0.100905 0.0877243 0.108811 0.0751082 0.0539623 0.0144589 0.0637229 0.0362322 0.0847098 0.077105 0.00598345 0.0600581 0.00980917 0.0485716 0.0447537 0.0201084 0.0138289 0.0556036
172 D 3.58945 0.0763185 0.00512406 0.167365 0.25309 0.0114309 0.0119034 0.0383386 0.0498148 0.00604872 0.0312355 0.0820114 0.0347304 0.0547998 0.022622 0.00355489 0.0369533 0.0387921 0.0363438 0.00636412 0.0331585
173 S 3.42428 0.00383291 0.0019398 0.294495 0.119864 0.0352748 0.0156888 0.132203 0.0172723 0.0142841 0.0496354 0.00363172 0.030125 0.00664692 0.0162306 0.013783 0.0390561 0.0410538 0.0695743 0.0157633 0.079645
174 Y 3.04894 0.0122712 0.0271636 0.0304093 0.0147292 0.209184 0.0108146 0.0254364 0.00770564 0.0122485 0.00486031 0.0192186 0.0355681 0.0157908 0.0171503 0.00854752 0.0259128 0.00683222 0.00846105 0.168048 0.339648
175 P 3.81424 0.0498374 0.0617067 0.039217 0.0125351 0.00155866 0.117481 0.0439411 0.0162354 0.145009 0.0318412 0.0132513 0.0136155 0.0213504 0.0930758 0.0271131 0.0562394 0.0616593 0.147921 0.0023807 0.0440302
176 K 3.7784 0.0418601 0.0093746 0.0159341 0.054931 0.024367 0.0100271 0.260912 0.0227081 0.0469457 0.0633199 0.0732108 0.0465223 0.0509688 0.0278955 0.0498487 0.00949527 0.0497756 0.0560226 0.0071118 0.0787692
177 L 3.57129 0.0764122 0.0147077 0.00827058 0.00511316 0.0648725 0.00538814 0.0471837 0.210486 0.00535271 0.0911598 0.10937 0.0154205 0.00409089 0.00699703 0.00173879 0.0423989 0.0932093 0.0997195 0.0849225 0.0131854
178 T 3.92438 0.11076 0.00413951 0.0348582 0.093975 0.100347 0.0297429 0.00984535 0.0369047 0.0423393 0.0898821 0.0449459 0.0692539 0.00130324 0.0163796 0.00176936 0.0496779 0.0730451 0.101638 0.0460167 0.0431757
179 N 3.90828 0.0436114 0.0401434 0.0286678 0.111801 0.129205 0.0250787 0.0284431 0.0158271 0.0257891 0.0774651 0.0131961 0.106828 0.00910284 0.0916322 0.00531284 0.0708792 0.0982802 0.0167679 0.0190325 0.0429365
180 S 3.85984 0.0537965 0.00549707 0.0148514 0.180461 0.0209128 0.0232915 0.011672 0.02197 0.0155873 0.0364678 0.0116089 0.094826 0.0130259 0.0954683 0.0625775 0.0747828 0.054419 0.0416839 0.0912939 0.0758064
181 Y 3.01304 0.00706052 0.0655365 0.027874 0.013997 0.227144 0.00684591 0.0282392 0.0106051 0.0178899 0.00708206 0.031337 0.0221391 0.00515743 0.0227907 0.00892727 0.0225165 0.00761728 0.00973244 0.0818099 0.375697
182 V 3.87501 0.0234217 0.112431 0.0107325 0.0155547 0.0989347 0.00445291 0.0632188 0.0170649 0.0502602 0.0375027 0.0500426 0.00786761 0.00330663 0.0811602 0.0509223 0.0319784 0.142088 0.0518669 0.0372689 0.109924
183 N 3.2931 0.049854 0.0707484 0.0429241 0.0497348 0.0153923 0.00812996 0.0184843 0.0350317 0.0433668 0.00721962 0.0387161 0.409975 0.0172339 0.0262098 0.0105691 0.0877503 0.0136543 0.0143219 0.0254407 0.0152436
184 N 3.97702 0.0664802 0.053317 0.0485774 0.171201 0.0251482 0.0179273 0.063651 0.0508037 0.0165076 0.0576709 0.0330099 0.064127 0.00139963 0.0506509 0.025281 0.0983669 0.0810699 0.0252652 0.0327153 0.0168303
185 K 3.81634 0.0185925 0.0490492 0.00692626 0.0482799 0.0168884 0.0258653 0.016326 0.10932 0.0666642 0.0662825 0.144383 0.054517 0.00226679 0.0317326 0.0587495 0.002525 0.0081965 0.0467278 0.146011 0.0806965
186 G 3.75113 0.080093 0.00504669 0.128459 0.0999778 0.0227439 0.0836565 0.0241119 0.0104299 0.0173181 0.02721 0.0411194 0.0143354 0.0249493 0.0175023 0.0817853 0.189896 0.0715109 0.0101426 0.0436647 0.00604691
187 K 3.84875 0.0566692 0.11133 0.0152938 0.0286112 0.0143649 0.0366771 0.0347958 0.010537 0.16503 0.0511722 0.0385395 0.0335506 0.00625532 0.0912787 0.0623928 0.0241401 0.0763292 0.12314 0.0100878 0.00980442
188 E 3.68206 0.0318029 0.00566448 0.0203683 0.0919362 0.00683121 0.0285022 0.103775 0.0155886 0.0228067 0.0653006 0.0110405 0.00891569 0.0511211 0.250357 0.0657616 0.0813628 0.0360552 0.0698604 0.0159834 0.0169661
189 V 3.12701 0.0451517 0.0193574 0.0205713 0.0155601 0.0178537 0.00657932 0.0124838 0.182004 0.0210978 0.0292645 0.0369373 0.0151513 0.015156 0.0157558 0.00687085 0.00946088 0.0495061 0.40666 0.033334 0.0412447
