# POSITION WT SITE_ENTROPY PI_A PI_C PI_D PI_E PI_F PI_G PI_H PI_I PI_K PI_L PI_M PI_N PI_P PI_Q PI_R PI_S PI_T PI_V PI_W PI_Y
1 K 3.75907 0.0115408 0.165108 0.00198759 0.0126857 0.0717116 0.012336 0.00451372 0.0580083 0.0489842 0.0508979 0.00774994 0.139396 0.0433153 0.0501334 0.0354765 0.0405745 0.0629532 0.137877 0.0347617 0.00998805
2 A 4.01354 0.114226 0.0192629 0.0111224 0.0488276 0.0629234 0.0359439 0.0720534 0.0984507 0.0283824 0.0224126 0.0229327 0.096943 0.0551293 0.0534092 0.0438021 0.00784497 0.0190521 0.0989162 0.0150026 0.0733621
3 K 3.92534 0.108774 0.0122746 0.0260364 0.0458241 0.0396076 0.0306415 0.0342119 0.0316489 0.102541 0.0415699 0.0618616 0.115529 0.0235543 0.0411017 0.0596476 0.0493806 0.147776 0.00366004 0.019017 0.00534204
4 L 3.29852 0.0936326 0.365065 0.00603141 0.0259748 0.00863642 0.00481257 0.0645171 0.0241537 0.00865784 0.0935171 0.0837766 0.0155105 0.0112733 0.0144177 0.0515874 0.00986431 0.0342783 0.0181495 0.0581819 0.0079624
5 L 3.60943 0.0107163 0.0998141 0.0298814 0.0289855 0.0183454 0.010969 0.0183411 0.028382 0.0222634 0.207937 0.0378879 0.0139508 0.0338923 0.0222496 0.0828266 0.00587003 0.00769463 0.150253 0.0214434 0.148296
6 V 3.4204 0.0482671 0.0138784 0.0220833 0.0626748 0.270242 0.00820064 0.023863 0.0256466 0.00944485 0.104367 0.0276065 0.0149352 0.00522735 0.0225173 0.00261756 0.023685 0.0245203 0.100482 0.181062 0.00867893
7 L 3.45429 0.0551704 0.00796378 0.012446 0.0292427 0.109529 0.00343761 0.0744332 0.00930707 0.00843494 0.236606 0.157407 0.0127164 0.0190952 0.0650126 0.00946284 0.00414613 0.00685486 0.119489 0.0416144 0.0176312
8 L 3.29546 0.00659094 0.302231 0.0106895 0.0100763 0.0763366 0.00615682 0.0206148 0.115476 0.0120436 0.174702 0.0151406 0.0151796 0.0218251 0.0102551 0.0446383 0.0150332 0.00625689 0.0231979 0.02087 0.0926857
9 Y 3.60134 0.00896746 0.0490442 0.0151646 0.0299562 0.202386 0.0209857 0.0576083 0.0323363 0.00567917 0.0984498 0.108423 0.00473669 0.00637991 0.0096087 0.00281733 0.153334 0.0475023 0.0143344 0.0384704 0.0938152
10 A 3.73543 0.0816169 0.0634899 0.00910338 0.0481895 0.0974733 0.0706592 0.0543954 0.00671485 0.00652554 0.145103 0.0317812 0.00869489 0.0075201 0.152227 0.0119727 0.0407389 0.0197688 0.114503 0.0238847 0.00563911
11 F 3.56755 0.164545 0.0288571 0.00943815 0.0095158 0.164439 0.00752098 0.00621873 0.200491 0.0196231 0.0516371 0.0196476 0.0236568 0.0211191 0.00889003 0.041031 0.0450086 0.0110044 0.0966648 0.0469612 0.0237308
12 V 3.87528 0.0732669 0.0959364 0.019069 0.0199057 0.032123 0.0105969 0.0659253 0.0439643 0.0549162 0.0157982 0.118274 0.00991129 0.0166784 0.00829112 0.0712318 0.113357 0.0319596 0.147477 0.0371869 0.0141315
13 A 3.89683 0.143532 0.0201024 0.0475371 0.0364882 0.0393228 0.011366 0.0260318 0.0268252 0.0271033 0.0261771 0.0480553 0.0465219 0.0154521 0.213496 0.0216087 0.0492567 0.046148 0.0530609 0.0515045 0.0504112
14 T 3.60157 0.048044 0.0112006 0.0320959 0.014343 0.0176739 0.0267074 0.0248856 0.224794 0.058349 0.00547437 0.0253922 0.0079753 0.0240649 0.0210386 0.0157952 0.112862 0.178189 0.0989739 0.0327136 0.0194285
15 D 3.78195 0.208 0.0315197 0.172958 0.0437528 0.0152949 0.0403747 0.0396901 0.0349869 0.0472834 0.00533911 0.0534068 0.0520107 0.0076509 0.0149777 0.0641911 0.0512627 0.0282124 0.00839469 0.0270381 0.0536553
16 A 3.89466 0.215473 0.0482134 0.0510336 0.0678902 0.016815 0.119923 0.0290355 0.0407948 0.0188652 0.00941793 0.0469462 0.0300307 0.0321457 0.0268145 0.017188 0.0620285 0.0348517 0.0679184 0.0471642 0.0174511
17 D 3.32497 0.0352321 0.0183044 0.414385 0.0504803 0.0197254 0.0275265 0.0193691 0.0212198 0.0277847 0.0121736 0.039377 0.0561829 0.0234342 0.0282628 0.010216 0.0137394 0.0484077 0.0179773 0.0227945 0.0934071
18 T 3.74315 0.0166897 0.00372618 0.00898841 0.0400911 0.00462724 0.00337763 0.106363 0.0125648 0.0508743 0.138857 0.109682 0.0217763 0.00597506 0.0598912 0.0452793 0.107679 0.0969264 0.0573362 0.0101812 0.0991125
19 I 3.51541 0.0119605 0.0176809 0.0196738 0.0180938 0.0300436 0.00984822 0.0202748 0.307505 0.0570842 0.0761694 0.0631497 0.0144165 0.109718 0.0165144 0.00785349 0.0088068 0.0974591 0.0648223 0.029028 0.0198983
20 C 2.74952 0.0144614 0.569524 0.0241964 0.022445 0.0549287 0.0128029 0.0172344 0.0212927 0.0266525 0.00677213 0.0295842 0.0256546 0.0100934 0.0178178 0.0184307 0.0190523 0.0123297 0.036719 0.0276923 0.0323151
21 I 2.91943 0.0154735 0.0191982 0.0211152 0.0170704 0.0150685 0.0103317 0.0234732 0.512547 0.0581313 0.0106494 0.0428292 0.0172256 0.0106555 0.0110763 0.00693203 0.0628548 0.0587152 0.0387051 0.0350677 0.0128801
22 G 3.08162 0.0113122 0.0481031 0.0430199 0.0282829 0.0202684 0.488491 0.0206647 0.0226066 0.0505288 0.0103673 0.032482 0.0230272 0.0102141 0.0263247 0.0116277 0.0346476 0.0122125 0.0521795 0.0316642 0.0219752
23 Y 3.2621 0.0158152 0.0293619 0.0205746 0.0168447 0.127661 0.00753981 0.0495292 0.0172008 0.0252406 0.00681983 0.02494 0.0197113 0.00645026 0.0141297 0.00690129 0.0815571 0.0103981 0.0827114 0.0638107 0.372803
24 H 3.46829 0.0214118 0.0210175 0.0261393 0.0163301 0.0117394 0.00643376 0.269585 0.0131555 0.0113445 0.0859009 0.0514687 0.0527309 0.0193783 0.172005 0.013274 0.00612509 0.0169594 0.118537 0.0243861 0.0420779
25 A 3.16962 0.453599 0.0233954 0.0170799 0.0470094 0.0232124 0.037516 0.0215684 0.0203593 0.017775 0.0100365 0.0250098 0.0890435 0.00868659 0.0195483 0.0073299 0.0581395 0.0382902 0.0237479 0.0346602 0.0239926
26 N 2.83929 0.0095318 0.0139027 0.0408578 0.0236156 0.0116562 0.013609 0.151342 0.0142461 0.0315778 0.00737911 0.0390577 0.490757 0.00512041 0.012199 0.00877763 0.0515799 0.0119454 0.0110265 0.0262267 0.0255921
27 N 2.87227 0.00844168 0.0137479 0.0274528 0.086333 0.0137468 0.00635279 0.0112204 0.00770539 0.0327157 0.00418505 0.0207139 0.330392 0.00517852 0.0436264 0.0109911 0.0271199 0.00585432 0.0183049 0.316825 0.00909277
28 S 3.49544 0.0349621 0.0863255 0.00906227 0.0174773 0.0183017 0.0262381 0.041778 0.0093773 0.0143394 0.0132754 0.0176241 0.112002 0.0268156 0.0211333 0.012004 0.31411 0.0442313 0.0244164 0.118533 0.0379945
29 T 3.27142 0.0310972 0.026699 0.0153456 0.0115364 0.0345339 0.0449123 0.0180024 0.0294554 0.011916 0.00842411 0.0383813 0.0809794 0.0393358 0.017029 0.00701794 0.133629 0.390471 0.00800869 0.038363 0.0148625
30 D 3.40574 0.0676653 0.0188883 0.362366 0.0667838 0.0387692 0.012726 0.034508 0.0207148 0.0150567 0.0061274 0.0291359 0.0246511 0.0105867 0.0269545 0.00919848 0.00646812 0.0861603 0.0870295 0.0233954 0.0528152
31 T 3.60854 0.0283326 0.0351271 0.00775214 0.0800228 0.0161504 0.00583835 0.00842613 0.0538957 0.012856 0.0441636 0.165527 0.0533728 0.00935959 0.00946356 0.144803 0.0108807 0.191457 0.0745539 0.0350627 0.0129552
32 V 3.06021 0.0469496 0.0228128 0.035717 0.0161848 0.0654485 0.0253436 0.025084 0.0554102 0.0156482 0.0111974 0.0384194 0.0212583 0.0118262 0.0185957 0.00739135 0.0107484 0.0119715 0.485354 0.0459903 0.0286488
33 D 3.24162 0.0587984 0.0186464 0.450422 0.0376081 0.0252868 0.0354452 0.040607 0.0163762 0.0231403 0.0125253 0.0345719 0.0534773 0.0216642 0.0191045 0.0125784 0.0158196 0.0142685 0.0269175 0.0347177 0.048025
34 T 3.37773 0.0391868 0.0247081 0.0301313 0.0208568 0.028988 0.0117917 0.0464446 0.0550835 0.0655707 0.0130231 0.0323397 0.0273346 0.0183861 0.0210277 0.0249238 0.0378219 0.416583 0.0193315 0.023235 0.0432316
35 I 3.44739 0.0156946 0.0146205 0.0235468 0.0193476 0.0192832 0.00734265 0.0128329 0.260061 0.0512954 0.19354 0.0906594 0.0133157 0.0083993 0.0130021 0.0161027 0.0074988 0.0766766 0.0954746 0.0272616 0.0340444
36 L 3.61623 0.0220996 0.00769098 0.0509893 0.0230438 0.0453993 0.00190149 0.0126043 0.0374179 0.0576106 0.0536517 0.0322214 0.0195451 0.0209201 0.16182 0.167777 0.197088 0.0496145 0.00756283 0.00824832 0.0227941
37 E 3.07619 0.0276698 0.00929241 0.0504735 0.141789 0.0161955 0.0349628 0.00916367 0.0125337 0.0475539 0.00531518 0.0477926 0.0126744 0.00494495 0.42922 0.00584816 0.050144 0.0186647 0.00546336 0.0411724 0.0291267
38 K 3.55923 0.0164644 0.0310163 0.0274479 0.0467859 0.0194249 0.013536 0.0223864 0.0163128 0.283351 0.00632106 0.0493688 0.0462379 0.0567362 0.0127865 0.183894 0.0214129 0.0660548 0.0250247 0.0280896 0.0273479
39 N 3.63451 0.0424797 0.0154906 0.049331 0.0238238 0.0318441 0.0600329 0.0698407 0.0135257 0.0481832 0.0145839 0.0416564 0.31695 0.00908105 0.0178287 0.0179843 0.0445852 0.0788139 0.0130022 0.0275148 0.0634472
40 V 3.4469 0.0271483 0.0283015 0.0217206 0.0537389 0.0358754 0.06628 0.021595 0.024126 0.0241241 0.0583199 0.0460096 0.0309996 0.0154256 0.0237317 0.0222394 0.0168818 0.0162071 0.397786 0.0384488 0.0310408
41 A 4.14344 0.0718853 0.0480552 0.030702 0.0557578 0.0490027 0.0229502 0.0515808 0.077663 0.129375 0.033798 0.0479543 0.0145898 0.0665663 0.0124933 0.0344264 0.0448036 0.0587669 0.0741299 0.0408981 0.0346017
42 V 4.06262 0.0498606 0.0493953 0.0349823 0.0374924 0.0407944 0.0267537 0.0338415 0.0460907 0.052495 0.0473872 0.0496388 0.0371102 0.0547249 0.0549348 0.0203832 0.0355525 0.0285498 0.210975 0.0428513 0.0461863
43 T 3.35296 0.0346237 0.0165412 0.0257559 0.026096 0.0330821 0.0166052 0.0212318 0.105076 0.0363212 0.00939258 0.0374299 0.0178117 0.0272061 0.0284938 0.0184208 0.0574697 0.40306 0.015268 0.0534386 0.0166755
44 H 3.71054 0.106851 0.02068 0.102533 0.0357829 0.0278468 0.0148725 0.267732 0.0169745 0.0145829 0.0335067 0.04335 0.0305629 0.0397247 0.0439991 0.0311209 0.083141 0.0097464 0.0110793 0.0237379 0.0421755
45 S 3.55446 0.0172263 0.0455323 0.0292225 0.0263952 0.0433245 0.0191334 0.0407968 0.0271757 0.0259476 0.0162256 0.0447713 0.0396601 0.0404111 0.0426781 0.0220857 0.374733 0.0499674 0.014623 0.0358953 0.044195
46 V 3.80208 0.011877 0.00902429 0.0409753 0.0271456 0.0296184 0.0131629 0.0161208 0.0306305 0.141573 0.0600094 0.0435067 0.0175395 0.00648699 0.0928672 0.0423423 0.0648951 0.097407 0.190943 0.0211165 0.0427582
47 N 3.30337 0.00908624 0.0350601 0.0763891 0.025957 0.0234024 0.0101697 0.0134667 0.0209179 0.0210667 0.0111524 0.0395972 0.396913 0.0630146 0.0265117 0.0105231 0.101528 0.0448475 0.0140401 0.0459481 0.0104093
48 L 3.00287 0.00912892 0.028701 0.0307957 0.0181923 0.302971 0.00779144 0.0269945 0.017076 0.0184148 0.34375 0.0456931 0.0166532 0.0150134 0.0164797 0.0194172 0.00840005 0.0102684 0.0265831 0.0213736 0.0163025
49 L 3.03068 0.0145491 0.0150616 0.0287477 0.0178797 0.0422612 0.00814443 0.0150079 0.0442533 0.0207045 0.467707 0.0319367 0.0128928 0.0181688 0.0143502 0.00654657 0.0294094 0.00949811 0.1251 0.0331347 0.0446452
50 E 3.57178 0.0827391 0.140683 0.0807005 0.190012 0.00728274 0.0382467 0.00696192 0.116845 0.0521062 0.00995704 0.0209801 0.0110742 0.00432384 0.0696866 0.00280457 0.00250845 0.101785 0.0391648 0.0153876 0.00675113
51 D 3.59128 0.0578716 0.00441599 0.110825 0.0918074 0.00497074 0.0146588 0.0253125 0.00453453 0.0444926 0.0225163 0.0728656 0.0281976 0.00264255 0.009107 0.028165 0.141868 0.0353941 0.058672 0.013589 0.228095
52 S 3.69481 0.0187425 0.00997833 0.0609601 0.150126 0.0441228 0.0424164 0.00307178 0.0475948 0.0170103 0.0328712 0.231963 0.0682173 0.00234259 0.0509271 0.0679969 0.0541758 0.0150819 0.00610846 0.0486909 0.0276029
53 H 3.4893 0.0145711 0.00963619 0.0387076 0.0267825 0.016311 0.0122777 0.348659 0.0247443 0.0205405 0.00488377 0.0252157 0.0377302 0.0509416 0.0299137 0.0307394 0.0403701 0.120722 0.0587368 0.0313154 0.0572019
54 N 3.13298 0.0113641 0.0202197 0.0448629 0.0175376 0.0275713 0.0081215 0.0366773 0.0310181 0.0941777 0.00718095 0.0342774 0.431512 0.00983711 0.0180334 0.0097609 0.0174952 0.114895 0.0139299 0.0331469 0.0183818
55 G 3.83835 0.0744524 0.0378396 0.0208168 0.101506 0.0969068 0.172454 0.0833737 0.0102964 0.0130567 0.00551358 0.0441735 0.0135224 0.00726576 0.0786144 0.0518801 0.0799442 0.0363698 0.0192253 0.0446998 0.00808934
56 K 3.18354 0.109848 0.015174 0.00933226 0.0131591 0.00933209 0.00854625 0.0122296 0.0245615 0.198953 0.00530199 0.145997 0.0193157 0.00938704 0.293708 0.0320685 0.00525164 0.0208744 0.0133066 0.0422591 0.0113948
57 L 2.84789 0.0185896 0.0280462 0.0251468 0.0246729 0.0246941 0.0158595 0.0295903 0.0209541 0.0163712 0.553676 0.0414568 0.0195321 0.0362146 0.0312926 0.0127576 0.0105897 0.0323755 0.0149543 0.0282421 0.0149843
58 C 2.95941 0.00972863 0.497758 0.0816706 0.0254993 0.0307426 0.00937352 0.0230488 0.0112953 0.0164878 0.00775968 0.0599464 0.0262748 0.0134392 0.0238972 0.0361989 0.022922 0.0115866 0.0137514 0.0150522 0.0635669
59 K 3.65078 0.0599091 0.00483729 0.00656475 0.0125434 0.0405015 0.00891415 0.0420216 0.00627166 0.161738 0.070441 0.0411875 0.0762138 0.00180674 0.0724936 0.152472 0.0477555 0.0481741 0.00232674 0.00746749 0.13636
60 L 2.93562 0.00748575 0.0126002 0.0113527 0.0181118 0.015468 0.0342998 0.00866638 0.0680376 0.0134908 0.477188 0.0283352 0.00909678 0.0211967 0.0102247 0.00515843 0.00725572 0.0571351 0.0955277 0.0213967 0.077971
61 K 3.8019 0.0659518 0.0229731 0.150564 0.0325236 0.052771 0.0279396 0.0341808 0.00470834 0.0961283 0.0122238 0.0366458 0.0697879 0.00181468 0.0980823 0.0458531 0.0367415 0.0171013 0.00299359 0.15927 0.0317452
62 G 3.31864 0.0216904 0.0202027 0.0338815 0.0475621 0.0174984 0.431346 0.0158172 0.0141091 0.0273818 0.0123523 0.0455621 0.0285582 0.0158008 0.0213888 0.0475118 0.0602585 0.0419256 0.0403503 0.0359556 0.0208473
63 I 3.55985 0.0257354 0.0112707 0.0184865 0.0153086 0.0372021 0.0103893 0.0833057 0.148743 0.191272 0.0174053 0.0237362 0.045441 0.00608662 0.0400656 0.20899 0.0243811 0.0225673 0.0439099 0.0197488 0.00595518
64 A 3.90438 0.0633435 0.0141328 0.0487022 0.111505 0.0074377 0.0417946 0.0468289 0.00633647 0.0126046 0.1658 0.015198 0.077272 0.0885585 0.0759794 0.0331612 0.05792 0.0664036 0.0148483 0.0213652 0.0308083
65 P 3.14639 0.0687071 0.0208135 0.0224734 0.0388641 0.0262092 0.0131064 0.0243418 0.0204709 0.0352422 0.025887 0.038478 0.0217024 0.476305 0.0214315 0.0134772 0.0385101 0.0164769 0.0149787 0.0433613 0.0191636
66 L 3.39846 0.00796212 0.019578 0.0154227 0.0151937 0.0235256 0.0127262 0.0146203 0.165856 0.0289677 0.331709 0.0549838 0.0308217 0.0370007 0.0222131 0.040644 0.0122963 0.0128281 0.0934188 0.0431395 0.0170919
67 Q 3.59614 0.0754034 0.0121873 0.151158 0.211893 0.00586863 0.00380214 0.0248436 0.0718121 0.0165476 0.0318697 0.0103405 0.00294381 0.0185506 0.0608543 0.0851027 0.0386449 0.0473757 0.110245 0.0178093 0.002748
68 L 3.13203 0.0122616 0.0215061 0.0169595 0.126448 0.0954269 0.0114195 0.0127911 0.0120036 0.0153534 0.404267 0.0253281 0.0166975 0.00704405 0.0139531 0.00708647 0.0948694 0.0493177 0.0170746 0.0204175 0.0197745
69 G 3.5202 0.054418 0.0227591 0.00734356 0.0761904 0.00226622 0.127724 0.117455 0.0031095 0.222899 0.079585 0.084393 0.00364924 0.00141049 0.0758005 0.00933779 0.0525262 0.0167807 0.0160853 0.0124978 0.0137681
70 K 3.98672 0.0368852 0.0136041 0.0567352 0.046501 0.100654 0.0844058 0.0329827 0.0070476 0.0440037 0.0190098 0.0948412 0.0408363 0.0657188 0.0134906 0.04097 0.0292006 0.139922 0.0461091 0.0806112 0.00647147
71 C 2.54835 0.0132424 0.614866 0.0211093 0.0219057 0.0239661 0.0193188 0.0268236 0.0176902 0.0174885 0.00848773 0.030766 0.0187178 0.0103868 0.018474 0.0262198 0.0150301 0.0094096 0.0155046 0.0206259 0.0499664
72 N 3.59216 0.10322 0.0135531 0.050177 0.0471904 0.00699175 0.136552 0.00900571 0.00638784 0.0490564 0.0119626 0.0196402 0.156069 0.00216403 0.0448372 0.06108 0.110989 0.15014 0.0042193 0.0117541 0.00501088
73 I 2.90531 0.00516732 0.0830749 0.00619696 0.00895979 0.00514914 0.00382779 0.00605299 0.18629 0.0091742 0.304924 0.0505453 0.00573687 0.00394649 0.022947 0.0188368 0.00290054 0.0301401 0.22773 0.0120613 0.00633897
74 T 3.75935 0.0616164 0.0217929 0.00379427 0.0421473 0.00541248 0.0546839 0.0269483 0.0508139 0.0208275 0.0801439 0.0142384 0.0406674 0.131541 0.037042 0.0225731 0.0457314 0.147509 0.174728 0.0103918 0.00739538
75 G 3.10045 0.0876487 0.017116 0.0230251 0.0495676 0.0226148 0.456833 0.0207802 0.0125397 0.027233 0.00687422 0.0237893 0.012025 0.00998241 0.033202 0.0718006 0.00773986 0.00880393 0.0579457 0.0310831 0.0193959
76 W 3.46573 0.0104593 0.0480146 0.018711 0.0332295 0.0242893 0.0832772 0.0161023 0.0163 0.0831604 0.0718846 0.0291236 0.0207967 0.00681056 0.039853 0.0260098 0.00812082 0.0116814 0.0819387 0.346009 0.0242279
77 L 3.31119 0.011274 0.0260037 0.0232516 0.0124553 0.0471337 0.0499217 0.0306099 0.0467296 0.0159927 0.405414 0.0344588 0.0228564 0.12284 0.0167361 0.0235835 0.0132821 0.0130766 0.0307642 0.0249046 0.0287116
78 L 2.95303 0.00775836 0.0120605 0.0105558 0.0134077 0.0510542 0.00642351 0.0134081 0.206285 0.00702091 0.405787 0.0454577 0.0245897 0.00691951 0.00788481 0.0865087 0.0234515 0.0106443 0.0273412 0.0264495 0.00699289
79 G 2.92217 0.0997504 0.0133675 0.0172057 0.049937 0.00937567 0.460859 0.0258855 0.00888973 0.0155712 0.00528811 0.0266547 0.014723 0.0111541 0.0220589 0.0207315 0.00766356 0.0102481 0.140744 0.0251124 0.0147793
80 N 3.07438 0.0662473 0.00981694 0.039411 0.0273057 0.0140702 0.00686016 0.157465 0.0201392 0.0136675 0.00333596 0.0186897 0.365239 0.00505856 0.0104298 0.0185256 0.159459 0.03222 0.00713563 0.0132577 0.0116676
81 P 2.69154 0.00532996 0.0111273 0.0129508 0.0188189 0.0163591 0.00989761 0.213193 0.00918476 0.0173389 0.0204647 0.0191124 0.00797336 0.478987 0.0174906 0.00674904 0.0664956 0.0264544 0.00826788 0.0249298 0.00887486
82 E 3.69598 0.0396847 0.05367 0.167769 0.140649 0.0131082 0.00938166 0.00502852 0.0252828 0.0483514 0.0158719 0.0194597 0.0835651 0.00224382 0.0552604 0.00225876 0.0174244 0.058145 0.0294196 0.0614494 0.151977
83 C 3.25391 0.0147953 0.417679 0.0242247 0.0222913 0.0504005 0.097111 0.0267423 0.017567 0.0224683 0.00741021 0.0329781 0.0336445 0.0140081 0.0193837 0.0171007 0.0201546 0.0147225 0.0123042 0.0843651 0.0506491
84 D 3.16774 0.0602084 0.0682297 0.431892 0.0494396 0.0152381 0.021339 0.0196955 0.0178946 0.0143578 0.00506655 0.0307053 0.0861888 0.00815744 0.0125821 0.00716034 0.0211861 0.0287354 0.00908332 0.0251795 0.0676611
85 S 3.8075 0.0268715 0.00323361 0.0230871 0.0552441 0.0619017 0.0119028 0.0713103 0.0539557 0.00325072 0.16273 0.0823495 0.0371946 0.0281185 0.0118589 0.0186847 0.0458745 0.0401672 0.0354547 0.0434028 0.183407
86 L 3.41156 0.0573008 0.0149525 0.0201213 0.02171 0.0153932 0.0187846 0.0108869 0.0971203 0.0303748 0.36649 0.0614566 0.0195848 0.0425905 0.0151941 0.0843233 0.00953859 0.00756193 0.0224357 0.0468303 0.0373496
87 L 3.65312 0.0427224 0.00659355 0.0382335 0.134814 0.0395809 0.00407654 0.105339 0.100312 0.0485604 0.117097 0.0149781 0.0219195 0.00552028 0.180295 0.00270683 0.00214157 0.0157551 0.0255228 0.0636873 0.0301441
88 P 3.71184 0.0611028 0.0018494 0.191692 0.0804145 0.034434 0.172185 0.0962015 0.0135237 0.0174088 0.013947 0.0566217 0.0085782 0.0408929 0.0321129 0.0238606 0.00661841 0.0414051 0.0485198 0.0486359 0.00999636
89 A 3.87967 0.0425701 0.00736468 0.0411827 0.125846 0.0600898 0.00949627 0.0201355 0.0144968 0.0448531 0.0347485 0.0341234 0.0460673 0.0123133 0.18541 0.034235 0.0565063 0.029727 0.0691147 0.0220689 0.109651
90 R 4.06927 0.0514221 0.0234687 0.0591156 0.0324933 0.00398816 0.127738 0.0351309 0.0309193 0.067834 0.0682591 0.045886 0.0433477 0.00563963 0.0381593 0.0678853 0.0614903 0.0939866 0.0568445 0.0689504 0.0174408
91 S 4.04502 0.0303142 0.00711931 0.0965658 0.0699022 0.0540632 0.0519543 0.0787496 0.0857162 0.0131471 0.017647 0.0132876 0.0749219 0.0653605 0.0281106 0.0255975 0.0673442 0.117623 0.0440046 0.0350885 0.0234832
92 W 3.39833 0.0170661 0.00857768 0.0223815 0.0360519 0.193652 0.0111851 0.0207369 0.0825436 0.103967 0.0346205 0.0219225 0.0139188 0.0111478 0.0203514 0.0198073 0.019697 0.0156906 0.014266 0.296133 0.0362829
93 S 3.35805 0.147642 0.0205052 0.0114328 0.0272073 0.031559 0.225366 0.030786 0.00698065 0.0192417 0.00499597 0.0289728 0.0190835 0.0329619 0.0119319 0.00474825 0.252506 0.0215627 0.00873617 0.051132 0.0426485
94 Y 2.9159 0.00873936 0.0902559 0.0171773 0.0113355 0.137534 0.00639681 0.0489733 0.0102916 0.0107196 0.00564605 0.0285175 0.056526 0.00564184 0.0121931 0.00749873 0.0475454 0.00984211 0.00616801 0.0279262 0.451071
95 I 3.26544 0.00934217 0.0964601 0.019959 0.011164 0.0411111 0.0107986 0.0127678 0.356266 0.014768 0.0783869 0.0352017 0.0743974 0.00615144 0.0102853 0.00498644 0.0164854 0.0263228 0.137005 0.0254043 0.0127368
96 V 3.05252 0.229723 0.0164014 0.0534872 0.0604115 0.0131137 0.0102366 0.0129321 0.0468286 0.0190249 0.0328362 0.0323513 0.0093997 0.0079329 0.0118148 0.0057966 0.00649671 0.00739166 0.372903 0.0373685 0.0135497
97 E 3.20359 0.0130829 0.0283754 0.0475134 0.434079 0.0185844 0.0297011 0.0123073 0.0369236 0.0355684 0.00720518 0.0290658 0.0124164 0.0461662 0.0992594 0.00985396 0.0175741 0.0112362 0.0645888 0.026173 0.0203259
98 T 3.77564 0.194491 0.00556837 0.0440767 0.0275242 0.0135626 0.00217041 0.0845775 0.0286734 0.0606111 0.0334921 0.00652204 0.0418639 0.0414101 0.0189704 0.0806753 0.031147 0.0707031 0.113333 0.0962082 0.00441927
99 P 3.84219 0.0200664 0.00301058 0.198246 0.069673 0.0206766 0.0413211 0.0112411 0.0891983 0.0104964 0.0327282 0.0905599 0.0521104 0.0520469 0.108527 0.0272326 0.0534375 0.0355608 0.0280926 0.00764187 0.0481336
100 N 3.76035 0.0631437 0.0368934 0.054261 0.0377646 0.0683065 0.189846 0.0138904 0.12224 0.0363934 0.00632458 0.0208267 0.117173 0.00857858 0.0127973 0.105946 0.038003 0.0116511 0.021786 0.0252794 0.00889513
101 S 3.38804 0.0511437 0.00662146 0.00508379 0.0384112 0.0536176 0.00424765 0.00786398 0.00458415 0.00431721 0.00286479 0.0174611 0.114354 0.216483 0.0162636 0.00387778 0.130797 0.0481355 0.19082 0.0306234 0.05243
102 E 3.78722 0.0673384 0.0727853 0.226545 0.100683 0.0431863 0.0450855 0.0853983 0.0362236 0.0624157 0.0142838 0.020741 0.00574254 0.0264943 0.0123819 0.0473509 0.0020965 0.0547851 0.0252852 0.0424024 0.00877483
103 N 3.29506 0.0318564 0.103338 0.00621636 0.00493797 0.0218038 0.00870699 0.0148135 0.16917 0.0104958 0.0287612 0.042251 0.0420054 0.00387624 0.0477327 0.0187875 0.0290533 0.0128151 0.0106814 0.336194 0.0565032
104 G 3.61844 0.116947 0.00991464 0.0494386 0.0215759 0.0697276 0.271654 0.0595485 0.0101255 0.00933299 0.00560062 0.016624 0.0460254 0.0318686 0.0124614 0.0415948 0.103974 0.00629826 0.0457073 0.0337719 0.0378099
105 A 3.6035 0.12892 0.0181572 0.0219651 0.0453454 0.0112482 0.00572943 0.0051963 0.0129218 0.0128873 0.0157547 0.0287215 0.00918659 0.183238 0.0945433 0.00369955 0.119613 0.0388933 0.104867 0.0220409 0.117071
106 C 3.05779 0.0157517 0.479833 0.0267935 0.0137009 0.0332092 0.0148708 0.0176592 0.0210219 0.0245533 0.0105304 0.0296341 0.0225499 0.0190436 0.017092 0.0235511 0.0630804 0.0145954 0.0110274 0.0887687 0.0527333
107 Y 3.1089 0.00817765 0.022944 0.0108481 0.0102186 0.229666 0.011093 0.0385951 0.0146337 0.0124131 0.0423109 0.0222961 0.0131541 0.0130246 0.0133592 0.00746654 0.00468154 0.0450268 0.00681151 0.20686 0.266419
108 P 3.07305 0.0125435 0.0310775 0.0360266 0.0543874 0.0245435 0.0179102 0.0255122 0.0226632 0.0139626 0.0592483 0.0391682 0.0220729 0.492218 0.0388377 0.00919769 0.0194374 0.0290044 0.015971 0.020154 0.0160635
109 G 3.07308 0.00807225 0.0338246 0.0234879 0.100356 0.024931 0.460711 0.0134249 0.0208384 0.0264382 0.0094164 0.0441157 0.0154083 0.00781503 0.0150086 0.070514 0.00966662 0.0110167 0.0522572 0.0277806 0.0249177
110 D 3.66789 0.0282036 0.0088046 0.147262 0.0744155 0.0130777 0.0844168 0.0211043 0.0356107 0.00770686 0.0734681 0.0175047 0.237018 0.014503 0.0529965 0.0169078 0.0247779 0.0104287 0.0662184 0.0140142 0.051561
111 L 3.49513 0.00667268 0.00893564 0.0320067 0.0261806 0.0749024 0.00501353 0.0388931 0.108749 0.0137228 0.162651 0.018529 0.0139967 0.025592 0.0148177 0.00609003 0.00463676 0.0669529 0.220517 0.134115 0.0170257
112 I 3.78729 0.0643695 0.0561985 0.0164907 0.0188124 0.0503003 0.0848811 0.0235853 0.0446883 0.0278176 0.00144855 0.059488 0.176842 0.00129203 0.0177966 0.0169114 0.0493526 0.0444181 0.0220144 0.0502635 0.173029
113 D 3.26568 0.103817 0.0133896 0.292726 0.0189904 0.0150389 0.0128996 0.0987623 0.0090584 0.0104101 0.188198 0.0206736 0.0371577 0.00595533 0.0893671 0.00515891 0.00567529 0.00913831 0.00863208 0.0179082 0.0370432
114 Y 3.80915 0.0222581 0.082546 0.025172 0.00508344 0.0898965 0.0345762 0.0194144 0.123085 0.0203033 0.0449709 0.0115601 0.036038 0.0351216 0.0390952 0.0231853 0.0946972 0.0599048 0.0150578 0.0148468 0.203188
115 E 3.50539 0.132986 0.0146029 0.0448827 0.288985 0.0389575 0.0473279 0.0159353 0.0122977 0.0547913 0.0125146 0.0252197 0.0113624 0.09875 0.0921028 0.0108608 0.0109596 0.00532163 0.053028 0.016998 0.012116
116 E 3.23679 0.0157698 0.0148314 0.0212904 0.452131 0.0169233 0.0201452 0.0457417 0.0451736 0.0496333 0.0110575 0.0480568 0.0267035 0.0298888 0.0351618 0.0163496 0.0277805 0.0311242 0.0152247 0.0550376 0.0219758
117 L 2.69101 0.0105826 0.0227307 0.017261 0.0189401 0.0144445 0.00958064 0.01053 0.0456737 0.0153788 0.570045 0.0559488 0.0217622 0.0554726 0.0214464 0.00963166 0.00818936 0.00917658 0.042804 0.023008 0.0173926
118 R 3.56079 0.0135393 0.0212249 0.0111893 0.00822258 0.164763 0.0138803 0.213151 0.071778 0.064431 0.0249873 0.0409977 0.00748368 0.00309873 0.0052059 0.0980706 0.0159926 0.0045436 0.0902778 0.0799204 0.0472415
119 E 3.30892 0.0158799 0.0347991 0.0505995 0.420457 0.0397839 0.0341502 0.0190684 0.0234564 0.0967163 0.0161878 0.03739 0.0336315 0.0125858 0.0261109 0.0141754 0.0166428 0.0142322 0.0162358 0.0409646 0.0369329
120 Q 3.53495 0.0725155 0.0384271 0.0105061 0.0282728 0.0249604 0.0115693 0.167355 0.0145584 0.050943 0.005837 0.0302769 0.0211042 0.00556169 0.258942 0.125541 0.036374 0.0108204 0.0191605 0.0313082 0.0359665
121 L 3.18879 0.0168649 0.0226183 0.0291786 0.0272828 0.0565497 0.0079252 0.0333249 0.015205 0.0251289 0.460995 0.0409489 0.0182798 0.0261235 0.0230027 0.0149882 0.0745091 0.0176739 0.0321667 0.0330379 0.0241963
122 S 3.78349 0.0103307 0.0336332 0.0240581 0.0204775 0.00572241 0.0306686 0.0157236 0.0490172 0.0210571 0.078791 0.185135 0.0539077 0.00876583 0.0828674 0.027072 0.0657501 0.0814287 0.0392922 0.00965469 0.156647
123 S 3.51826 0.0507566 0.0090608 0.0486942 0.0721555 0.00857282 0.0404601 0.00390975 0.0179243 0.00633879 0.112453 0.0241189 0.00666893 0.0129616 0.2334 0.00282859 0.114816 0.0717797 0.130412 0.0271224 0.00556618
124 V 2.89451 0.0370657 0.0135228 0.014383 0.0106686 0.0988668 0.00438734 0.00878265 0.0467129 0.0119604 0.0651255 0.0221003 0.00802717 0.00534295 0.0066942 0.00386637 0.00856184 0.434056 0.163956 0.0228675 0.0130508
125 S 3.81283 0.060873 0.0271696 0.0187433 0.00721554 0.164365 0.0352755 0.0104211 0.0645834 0.0869528 0.0474552 0.0140874 0.044203 0.024954 0.117186 0.0028492 0.0897933 0.122512 0.0148095 0.0279387 0.0186128
126 S 3.89039 0.074292 0.00753168 0.00565471 0.0732197 0.00608799 0.0348488 0.0843927 0.0057769 0.0317771 0.115584 0.0545658 0.0366623 0.0181529 0.155345 0.090639 0.0494593 0.0578077 0.0387765 0.0151054 0.0443201
127 L 3.51566 0.0128707 0.0313928 0.0109152 0.0127354 0.0346593 0.0825268 0.011767 0.123993 0.015967 0.19745 0.158874 0.00895972 0.0088129 0.0107084 0.0057643 0.0667308 0.143023 0.0177822 0.0358986 0.00916829
128 E 3.73246 0.0169318 0.0136221 0.123687 0.171476 0.0090148 0.0310399 0.0606563 0.0574059 0.0927103 0.0364251 0.0908666 0.0149073 0.00713648 0.0451869 0.00541931 0.00373353 0.0511048 0.129596 0.0261688 0.01291
129 R 3.40364 0.0191407 0.0430738 0.0252396 0.0323032 0.0387248 0.0312874 0.0349495 0.0508556 0.0519416 0.0128368 0.0528851 0.038148 0.0138734 0.0265487 0.413067 0.0210312 0.0142756 0.0238175 0.0310161 0.0249844
130 F 3.46249 0.0254011 0.0258844 0.0277635 0.0193589 0.394423 0.0201164 0.0288707 0.0187811 0.0456883 0.0519431 0.043628 0.0229689 0.0320473 0.0334657 0.0162244 0.0636982 0.0142753 0.0219174 0.0544936 0.0390504
131 E 3.6494 0.0904406 0.0359057 0.0113013 0.221569 0.0320417 0.0374942 0.0143066 0.0142154 0.141789 0.0588569 0.0298013 0.0285246 0.00989196 0.0257003 0.00997623 0.00846311 0.145929 0.0209947 0.038565 0.0242332
132 I 3.52075 0.0287084 0.0517708 0.0335849 0.035372 0.0151494 0.0155479 0.0212099 0.233996 0.0380406 0.029195 0.26164 0.0213406 0.0153367 0.0211594 0.00841784 0.0101848 0.0285261 0.049665 0.0362164 0.0449374
133 F 3.31717 0.0211232 0.0316416 0.0212255 0.0229948 0.42048 0.0131416 0.0274935 0.0966371 0.0244233 0.0260967 0.0421059 0.02896 0.0136923 0.023102 0.0117591 0.0474247 0.0162061 0.0234811 0.0436343 0.0443774
134 P 3.07759 0.131642 0.00543422 0.388868 0.0601677 0.0276197 0.0316164 0.017023 0.00708917 0.00412723 0.00654768 0.0196902 0.0886143 0.108395 0.0379844 0.00136615 0.0200431 0.00420643 0.011876 0.0222728 0.00541625
135 K 3.80474 0.130435 0.0301844 0.00319863 0.145559 0.0595939 0.0345407 0.00314567 0.0285835 0.0729607 0.046944 0.0289413 0.00348221 0.0407229 0.00511224 0.0151437 0.0876572 0.0206044 0.125908 0.0682512 0.0490315
136 E 3.60234 0.10724 0.00452443 0.143278 0.138577 0.00376949 0.073543 0.00300483 0.0140156 0.0188584 0.0145407 0.0580943 0.00503264 0.0170349 0.00428125 0.00174186 0.083925 0.109213 0.0407826 0.121509 0.0370335
137 S 3.94554 0.108247 0.023583 0.0505329 0.0136849 0.0564653 0.127817 0.0560113 0.125993 0.00335723 0.0314917 0.0600523 0.01645 0.0318483 0.014368 0.0079026 0.0835862 0.0588864 0.0629296 0.0305629 0.0362298
138 S 3.55469 0.272023 0.00394533 0.00434149 0.00283201 0.0599629 0.0408234 0.0128496 0.0232864 0.0301367 0.00998832 0.0473736 0.0666859 0.00519419 0.0873842 0.0206362 0.0820209 0.116069 0.013424 0.0323925 0.0686303
139 W 3.07429 0.00673 0.0471124 0.0131173 0.0110005 0.0987449 0.0172736 0.0559954 0.00635932 0.0141657 0.0146977 0.124047 0.0134951 0.00500006 0.00840848 0.0136221 0.00352017 0.00536402 0.00776685 0.279523 0.254057
140 P 3.74401 0.0143913 0.00765565 0.0373319 0.0237935 0.118354 0.045782 0.0105228 0.0413227 0.0162916 0.0208561 0.148002 0.0628461 0.142072 0.0624544 0.00795181 0.0386261 0.140928 0.0444671 0.0100358 0.00631569
141 N 2.64588 0.0105669 0.0160165 0.0403753 0.0184154 0.0113736 0.00947619 0.0671757 0.0451141 0.0196253 0.00614754 0.0216382 0.56284 0.00782537 0.0122875 0.00563211 0.0656376 0.00413819 0.00721872 0.022697 0.0457977
142 H 3.31434 0.00188392 0.00389258 0.0414541 0.00274139 0.170186 0.00173689 0.0809893 0.00373647 0.00510525 0.0160043 0.0622144 0.194234 0.00100092 0.0431238 0.00872703 0.125564 0.0355459 0.0258641 0.00763764 0.168357
143 T 3.01005 0.0345569 0.0162624 0.016154 0.0115367 0.0581898 0.256983 0.0115233 0.0713918 0.0572535 0.00473864 0.0228623 0.00854445 0.00773035 0.0133645 0.0170673 0.00419599 0.350263 0.00504061 0.0200468 0.0122944
144 F 3.37041 0.0344716 0.0102825 0.264985 0.217625 0.0705352 0.0210291 0.0224431 0.0291185 0.00245508 0.0139255 0.0378005 0.0707745 0.000955696 0.0654703 0.000741001 0.00902991 0.00912885 0.015659 0.05555 0.0480193
145 N 3.79631 0.0233589 0.00804945 0.0747297 0.143038 0.129228 0.0101147 0.0732637 0.0142301 0.0190508 0.0361961 0.0645536 0.041455 0.0099144 0.071815 0.0501979 0.0113078 0.0121952 0.127942 0.00272872 0.0766303
146 G 3.88974 0.0948778 0.0154214 0.140903 0.0214949 0.0563246 0.105465 0.00615686 0.00542116 0.047136 0.0820615 0.0413545 0.0579608 0.0212856 0.00591895 0.0308251 0.00971164 0.0509956 0.0526118 0.116647 0.0374267
147 V 3.44104 0.0788908 0.00176246 0.0268637 0.052534 0.0191236 0.0291315 0.0195318 0.160758 0.0233912 0.0388421 0.0118309 0.00262159 0.0231894 0.0128443 0.00545551 0.167112 0.249682 0.0418266 0.0183376 0.0162717
148 T 3.23286 0.0121569 0.0140238 0.00910404 0.0134767 0.00511811 0.00437642 0.103972 0.0708508 0.0172598 0.00853969 0.0337888 0.0244796 0.0505043 0.00842764 0.0128264 0.37316 0.116741 0.0130468 0.0477645 0.0603821
149 V 3.5164 0.204215 0.00216443 0.00266061 0.00501263 0.045446 0.0803006 0.0178183 0.0141406 0.00221079 0.0628552 0.0324682 0.0421518 0.0082101 0.0767408 0.00077901 0.145607 0.1464 0.0311489 0.0137892 0.0658791
150 S 3.87038 0.00296243 0.07452 0.0561007 0.0675962 0.0704186 0.0391449 0.0222708 0.00738121 0.0773098 0.110981 0.142809 0.0206097 0.0111817 0.00686703 0.0456394 0.108855 0.0764573 0.0204001 0.0148493 0.0236463
151 C 3.33575 0.11049 0.378329 0.0177791 0.0154171 0.0504943 0.0451707 0.0149371 0.0157745 0.0239845 0.00848644 0.0333785 0.0159237 0.0792659 0.0167461 0.0229826 0.0122189 0.0823327 0.0143131 0.0150364 0.0269391
152 S 3.71982 0.0113747 0.00438487 0.00470518 0.139662 0.0413148 0.0525336 0.0774756 0.0665404 0.074718 0.00491278 0.00924992 0.196621 0.0606824 0.0408625 0.0124507 0.0189514 0.0343936 0.0717054 0.00639405 0.0710672
153 H 3.54445 0.0443467 0.002063 0.0881419 0.192839 0.0054996 0.00797184 0.0202204 0.0129113 0.0011323 0.0159243 0.141822 0.0494062 0.00318249 0.0306355 0.0180063 0.140266 0.0587674 0.115064 0.0365254 0.0152739
154 R 3.69078 0.0742087 0.00212996 0.00282617 0.0339549 0.101848 0.0606056 0.0493167 0.0586704 0.048083 0.0150208 0.038356 0.258538 0.00139219 0.0281199 0.0270138 0.0346274 0.0618116 0.0379122 0.00650199 0.0590631
155 G 3.65168 0.0755607 0.012292 0.131678 0.0221177 0.00323547 0.0543008 0.0884886 0.00384732 0.0193336 0.00889574 0.00566655 0.114416 0.00152521 0.204379 0.0313051 0.0239863 0.0429719 0.0515807 0.0340193 0.0703999
156 K 3.72966 0.0184498 0.00238769 0.0863751 0.115342 0.0131896 0.0705785 0.023054 0.0323798 0.0271328 0.0513898 0.0131844 0.152955 0.000997414 0.163491 0.00330644 0.0633314 0.0478766 0.0601265 0.0130455 0.0414075
157 S 3.55446 0.0802711 0.00392724 0.12349 0.0331565 0.0317145 0.0271754 0.182199 0.0450273 0.0378675 0.0328348 0.0450667 0.0258479 0.225427 0.00266392 0.040403 0.0167182 0.0204093 0.00185979 0.0200718 0.00386786
158 S 3.68246 0.151398 0.0110378 0.0512347 0.0237858 0.00573148 0.115962 0.122113 0.0133269 0.0287467 0.0185152 0.0298648 0.0433052 0.00467885 0.156539 0.00791762 0.0696754 0.0887189 0.00238869 0.0219872 0.0330734
159 F 3.05219 0.0130571 0.0182483 0.0242856 0.0192435 0.448356 0.0510193 0.0775964 0.0150882 0.0164566 0.0142712 0.0394739 0.0226476 0.00805915 0.0138903 0.00924547 0.0150883 0.0100701 0.133663 0.0279519 0.0222884
160 Y 2.59713 0.0138516 0.0386747 0.0151921 0.0158961 0.0243064 0.00744154 0.134078 0.0122305 0.016226 0.00561815 0.0388162 0.014224 0.00812229 0.0227729 0.013467 0.00635574 0.00989136 0.0132553 0.0315829 0.557997
161 R 3.15654 0.00343508 0.0108176 0.0162109 0.0141733 0.0103292 0.023731 0.174973 0.0163193 0.0308913 0.00822947 0.0309998 0.282292 0.00274523 0.0105043 0.175991 0.127227 0.0343853 0.00642347 0.0135598 0.00676101
162 N 3.2518 0.0145849 0.0232863 0.100366 0.0189073 0.0158282 0.00888722 0.0160195 0.0858599 0.113852 0.00584939 0.0223288 0.367806 0.00552954 0.0167629 0.0105253 0.0306998 0.0854272 0.00935473 0.0186607 0.0294643
163 L 3.19291 0.00777309 0.0236306 0.0176081 0.0223156 0.0620214 0.00884511 0.0164697 0.0750837 0.0153845 0.420029 0.0312543 0.0214614 0.010977 0.0328063 0.00759104 0.0239762 0.00976665 0.0866074 0.0862053 0.0201938
164 L 3.1199 0.0143426 0.0335282 0.025621 0.0314165 0.0341097 0.0174194 0.0179982 0.0451477 0.0185002 0.464967 0.0404502 0.039947 0.0229923 0.0196707 0.00753327 0.011126 0.0123386 0.00957113 0.039198 0.0941222
165 W 3.08228 0.0386832 0.0557677 0.0203166 0.0455895 0.0177029 0.0110436 0.0665451 0.0122389 0.0188848 0.0390193 0.0222731 0.0183 0.027352 0.0217635 0.0655718 0.00607362 0.0122323 0.013088 0.473805 0.0137496
166 L 2.88346 0.0314307 0.00748243 0.0097279 0.0141282 0.00443712 0.00889573 0.00277788 0.20344 0.0207255 0.113407 0.0506103 0.0048763 0.069429 0.0238099 0.00185079 0.00195547 0.0210848 0.388832 0.0176367 0.0034618
167 T 3.84559 0.0455148 0.00420847 0.0126255 0.0373267 0.0376318 0.00209036 0.0522796 0.0247507 0.0950542 0.0838063 0.082963 0.0329148 0.0010991 0.0833613 0.060959 0.0601802 0.067286 0.0341625 0.0072016 0.174584
168 K 3.77482 0.168201 0.0332161 0.00325582 0.0243454 0.0024965 0.0761076 0.0220979 0.0231298 0.0799242 0.0274773 0.0714188 0.0470077 0.0106141 0.108415 0.0348694 0.0710414 0.120738 0.0657249 0.00771112 0.00220696
169 K 3.74703 0.141561 0.0244354 0.0021604 0.0273575 0.0444909 0.00985741 0.00981101 0.00645905 0.0289023 0.056099 0.051244 0.156544 0.0127379 0.0431583 0.0667211 0.168097 0.0263476 0.0186225 0.041877 0.0635176
170 G 3.60077 0.0168814 0.00179409 0.114435 0.122252 0.0616174 0.0572358 0.0284997 0.0124508 0.00237452 0.0543288 0.0118491 0.2001 0.0023983 0.0976286 0.0083322 0.080926 0.0819583 0.00816322 0.00984408 0.0269307
171 D 3.49885 0.0564976 0.00542961 0.196413 0.236678 0.00541443 0.0339217 0.00464407 0.0705959 0.00638027 0.015086 0.0104732 0.0716016 0.0250784 0.0427103 0.00198138 0.0525172 0.0838966 0.0325297 0.0120071 0.0361442
172 S 3.50566 0.00555677 0.00210672 0.110443 0.0356755 0.109183 0.00639845 0.0891608 0.0138844 0.00179482 0.0213015 0.0282264 0.123362 0.0166987 0.00164075 0.00106236 0.0419663 0.0675675 0.123865 0.0110301 0.189075
173 Y 3.0092 0.0109412 0.028059 0.129812 0.0130398 0.0174844 0.00880738 0.044647 0.00732336 0.0163415 0.00529197 0.0206976 0.0181394 0.00660377 0.0193116 0.0260145 0.0229626 0.0067165 0.00839121 0.254549 0.334867
174 P 4.00582 0.0657406 0.0188528 0.0359808 0.0552506 0.00687627 0.0321668 0.125706 0.0505941 0.0180103 0.0909342 0.0442351 0.103695 0.0215121 0.0444175 0.0476124 0.0518732 0.0370292 0.0135366 0.0176331 0.118341
175 K 3.92143 0.0368395 0.0348089 0.018874 0.0669069 0.122437 0.0196245 0.10048 0.0297197 0.0200829 0.152161 0.0383528 0.0547114 0.0720007 0.0440245 0.00564969 0.0263216 0.0208928 0.00607679 0.0353431 0.0946932
176 L 2.50656 0.119486 0.00253105 0.00330946 0.00318751 0.00261554 0.00507466 0.0250463 0.0324351 0.00277365 0.042126 0.180303 0.00213996 0.00361557 0.00137538 0.0015495 0.00469318 0.0943873 0.459132 0.010398 0.00381963
177 T 3.57769 0.202737 0.00666026 0.012033 0.06484 0.0589262 0.00541168 0.0037617 0.021289 0.0128187 0.166347 0.0347556 0.0114492 0.00547075 0.0910643 0.0580122 0.086054 0.0879077 0.00355571 0.0527761 0.0141292
178 N 3.72373 0.0709636 0.00865475 0.0210785 0.0477904 0.00928291 0.110933 0.0140183 0.00545936 0.0949243 0.0131461 0.114043 0.135605 0.0163455 0.0575764 0.0491674 0.149768 0.052695 0.00714749 0.0133684 0.00803455
179 S 3.82095 0.0669752 0.0112696 0.0835921 0.0740475 0.189512 0.00573199 0.0383882 0.00727492 0.0948376 0.0537261 0.0107771 0.0378832 0.00798308 0.0147013 0.0648753 0.0814172 0.00505113 0.0400136 0.0686428 0.0433003
180 Y 2.61306 0.00588221 0.0487127 0.0141817 0.0106255 0.0458449 0.0062851 0.0224556 0.00924069 0.0114412 0.00543521 0.0165292 0.0355661 0.00549054 0.0152799 0.00905076 0.011693 0.00594335 0.00637252 0.455737 0.258232
181 V 3.70352 0.0211891 0.00659909 0.00201518 0.00400536 0.112825 0.0105318 0.0190677 0.0144362 0.0642595 0.0869717 0.160232 0.0130626 0.0290295 0.177019 0.0239451 0.037408 0.0588977 0.039996 0.0439891 0.0745212
182 N 3.31343 0.0157035 0.020086 0.0435265 0.0163771 0.0282704 0.00683115 0.118947 0.0403765 0.100558 0.00807711 0.0430627 0.375081 0.00700441 0.0175487 0.0113382 0.0439358 0.0128442 0.0157539 0.0281436 0.046536
183 N 3.86196 0.0119482 0.00490003 0.065555 0.106064 0.0041588 0.0891054 0.00444082 0.0394402 0.0708655 0.0747921 0.151085 0.0555662 0.00160482 0.0733548 0.0639771 0.0603287 0.0345674 0.0411929 0.0106057 0.0364466
184 K 3.75116 0.150084 0.00605063 0.0447552 0.0493217 0.0532828 0.022255 0.00698703 0.0507888 0.119161 0.0521304 0.150921 0.0375018 0.00452686 0.123912 0.0339241 0.00213599 0.0133293 0.0297744 0.0188945 0.030263
185 G 3.91763 0.0435548 0.0128816 0.0558722 0.087538 0.00775009 0.161417 0.0339384 0.0121722 0.0365067 0.0449146 0.0240896 0.0114335 0.130111 0.0270675 0.064915 0.072084 0.0814754 0.0405503 0.0385902 0.0131375
186 K 3.62909 0.00755429 0.120467 0.0107263 0.0754092 0.0128213 0.0160937 0.0403356 0.0517931 0.13537 0.053795 0.0194684 0.0328692 0.00673585 0.0452289 0.0598802 0.0500439 0.234597 0.0111424 0.00946372 0.00620504
187 E 3.87057 0.00384954 0.00749342 0.0338633 0.128603 0.0716608 0.0192433 0.0844876 0.0198973 0.0499359 0.110968 0.0204735 0.00597364 0.021564 0.0954733 0.0423804 0.0183721 0.0199004 0.0631458 0.125486 0.0572274
